          500      .01000           1     1.00000
            0      .80000      .80000
      .0000        .00000     -72.36529     -49.20105
      .0100        .00000     -72.36529     -49.20105
      .0200        .00000     -72.36363     -49.00354
      .0300        .00000     -72.36000     -48.84357
      .0400        .00000     -72.35312     -48.70372
      .0500        .00000     -72.34123     -48.57651
      .0600        .00000     -72.32207     -48.45763
      .0700        .00000     -72.29298     -48.34405
      .0800        .00000     -72.25088     -48.23339
      .0900        .00000     -72.19232     -48.12361
      .1000        .00000     -72.11356     -48.01281
      .1100        .00000     -72.01056     -47.89920
      .1200        .00000     -71.87910     -47.78104
      .1300        .00000     -71.71479     -47.65661
      .1400        .00000     -71.51316     -47.52422
      .1500        .00000     -71.26971     -47.38219
      .1600        .00000     -70.97999     -47.22885
      .1700        .00000     -70.63967     -47.06257
      .1800        .00000     -70.24457     -46.88177
      .1900        .00000     -69.79079     -46.68490
      .2000        .00000     -69.27473     -46.47050
      .2100        .00000     -68.69316     -46.23718
      .2200        .00000     -68.04330     -45.98363
      .2300        .00000     -67.32285     -45.70866
      .2400        .00000     -66.53009     -45.41122
      .2500        .00000     -65.66386     -45.09036
      .2600        .00000     -64.72363     -44.74531
      .2700        .00000     -63.70956     -44.37543
      .2800        .00000     -62.62248     -43.98027
      .2900        .00000     -61.46391     -43.55956
      .3000        .00000     -60.23611     -43.11320
      .3100        .00000     -58.94202     -42.64130
      .3200        .00000     -57.58530     -42.14416
      .3300        .00000     -56.17026     -41.62229
      .3400        .00000     -54.70187     -41.07637
      .3500        .00000     -53.18572     -40.50731
      .3600        .00000     -51.62794     -39.91621
      .3700        .00000     -50.03518     -39.30436
      .3800        .00000     -48.41455     -38.67322
      .3900        .00000     -46.77352     -38.02445
      .4000        .00000     -45.11989     -37.35985
      .4100        .00000     -43.46168     -36.68138
      .4200        .00000     -41.80707     -35.99115
      .4300        .00000     -40.16431     -35.29138
      .4400        .00000     -38.54164     -34.58438
      .4500        .00000     -36.94719     -33.87255
      .4600        .00000     -35.38892     -33.15837
      .4700        .00000     -33.87451     -32.44434
      .4800        .00000     -32.41128     -31.73297
      .4900        .00000     -31.00614     -31.02677
      .5000        .00000     -29.66544     -30.32823
      .5100        .00000     -28.39498     -29.63975
      .5200        .00000     -27.19989     -28.96367
      .5300        .00000     -26.08453     -28.30220
      .5400        .00000     -25.05250     -27.65743
      .5500        .00000     -24.10651     -27.03127
      .5600        .00000     -23.24838     -26.42545
      .5700        .00000     -22.47895     -25.84148
      .5800        .00000     -21.79806     -25.28064
      .5900        .00000     -21.20450     -24.74395
      .6000        .00000     -20.69602     -24.23216
      .6100        .00000     -20.26928     -23.74574
      .6200        .00000     -19.91988     -23.28483
      .6300        .00000     -19.64236     -22.84929
      .6400        .00000     -19.43027     -22.43866
      .6500        .00000     -19.27620     -22.05214
      .6600        .00000     -19.17186     -21.68868
      .6700        .00000     -19.10823     -21.34688
      .6800        .00000     -19.07571     -21.02514
      .6900        .00000     -19.06428     -20.72156
      .7000        .00000     -19.06372     -20.43410
      .7100        .00000     -19.06394     -20.16055
      .7200        .00000     -19.05526     -19.89864
      .7300        .00000     -19.02880     -19.64609
      .7400        .00000     -18.97692     -19.40071
      .7500        .00000     -18.89370     -19.16052
      .7600        .00000     -18.77555     -18.92386
      .7700        .00000     -18.62178     -18.68952
      .7800        .00000     -18.43533     -18.45694
      .7900        .00000     -18.22359     -18.22636
      .8000        .00000     -17.99920     -17.99903
      .8100        .00000     -17.77698     -17.77682
      .8200        .00000     -17.56019     -17.56003
      .8300        .00000     -17.34861     -17.34846
      .8400        .00000     -17.14208     -17.14193
      .8500        .00000     -16.94040     -16.94026
      .8600        .00000     -16.74342     -16.74328
      .8700        .00000     -16.55096     -16.55083
      .8800        .00000     -16.36288     -16.36275
      .8900        .00000     -16.17902     -16.17890
      .9000        .00000     -15.99925     -15.99913
      .9100        .00000     -15.82344     -15.82332
      .9200        .00000     -15.65144     -15.65132
      .9300        .00000     -15.48314     -15.48303
      .9400        .00000     -15.31843     -15.31832
      .9500        .00000     -15.15718     -15.15707
      .9600        .00000     -14.99929     -14.99918
      .9700        .00000     -14.84465     -14.84455
      .9800        .00000     -14.69317     -14.69308
      .9900        .00000     -14.54476     -14.54466
     1.0000        .00000     -14.39931     -14.39921
     1.0100        .00000     -14.25674     -14.25665
     1.0200        .00000     -14.11696     -14.11688
     1.0300        .00000     -13.97990     -13.97982
     1.0400        .00000     -13.84548     -13.84540
     1.0500        .00000     -13.71362     -13.71353
     1.0600        .00000     -13.58424     -13.58416
     1.0700        .00000     -13.45729     -13.45720
     1.0800        .00000     -13.33268     -13.33260
     1.0900        .00000     -13.21036     -13.21028
     1.1000        .00000     -13.09027     -13.09019
     1.1100        .00000     -12.97233     -12.97226
     1.1200        .00000     -12.85651     -12.85643
     1.1300        .00000     -12.74273     -12.74266
     1.1400        .00000     -12.63095     -12.63088
     1.1500        .00000     -12.52112     -12.52105
     1.1600        .00000     -12.41318     -12.41311
     1.1700        .00000     -12.30708     -12.30701
     1.1800        .00000     -12.20278     -12.20271
     1.1900        .00000     -12.10024     -12.10017
     1.2000        .00000     -11.99940     -11.99933
     1.2100        .00000     -11.90023     -11.90016
     1.2200        .00000     -11.80269     -11.80262
     1.2300        .00000     -11.70673     -11.70666
     1.2400        .00000     -11.61232     -11.61225
     1.2500        .00000     -11.51942     -11.51936
     1.2600        .00000     -11.42800     -11.42793
     1.2700        .00000     -11.33801     -11.33795
     1.2800        .00000     -11.24944     -11.24937
     1.2900        .00000     -11.16223     -11.16216
     1.3000        .00000     -11.07637     -11.07630
     1.3100        .00000     -10.99181     -10.99175
     1.3200        .00000     -10.90854     -10.90848
     1.3300        .00000     -10.82652     -10.82646
     1.3400        .00000     -10.74573     -10.74566
     1.3500        .00000     -10.66613     -10.66606
     1.3600        .00000     -10.58770     -10.58764
     1.3700        .00000     -10.51042     -10.51035
     1.3800        .00000     -10.43426     -10.43419
     1.3900        .00000     -10.35919     -10.35912
     1.4000        .00000     -10.28520     -10.28513
     1.4100        .00000     -10.21225     -10.21219
     1.4200        .00000     -10.14033     -10.14027
     1.4300        .00000     -10.06942     -10.06936
     1.4400        .00000      -9.99950      -9.99943
     1.4500        .00000      -9.93053      -9.93047
     1.4600        .00000      -9.86252      -9.86245
     1.4700        .00000      -9.79542      -9.79536
     1.4800        .00000      -9.72924      -9.72917
     1.4900        .00000      -9.66394      -9.66387
     1.5000        .00000      -9.59952      -9.59945
     1.5100        .00000      -9.53594      -9.53588
     1.5200        .00000      -9.47321      -9.47314
     1.5300        .00000      -9.41129      -9.41122
     1.5400        .00000      -9.35018      -9.35011
     1.5500        .00000      -9.28985      -9.28979
     1.5600        .00000      -9.23030      -9.23024
     1.5700        .00000      -9.17151      -9.17144
     1.5800        .00000      -9.11346      -9.11340
     1.5900        .00000      -9.05615      -9.05608
     1.6000        .00000      -8.99955      -8.99948
     1.6100        .00000      -8.94365      -8.94358
     1.6200        .00000      -8.88844      -8.88837
     1.6300        .00000      -8.83391      -8.83384
     1.6400        .00000      -8.78005      -8.77998
     1.6500        .00000      -8.72683      -8.72676
     1.6600        .00000      -8.67426      -8.67419
     1.6700        .00000      -8.62232      -8.62225
     1.6800        .00000      -8.57100      -8.57093
     1.6900        .00000      -8.52028      -8.52021
     1.7000        .00000      -8.47016      -8.47009
     1.7100        .00000      -8.42063      -8.42056
     1.7200        .00000      -8.37167      -8.37160
     1.7300        .00000      -8.32328      -8.32321
     1.7400        .00000      -8.27545      -8.27537
     1.7500        .00000      -8.22816      -8.22808
     1.7600        .00000      -8.18141      -8.18133
     1.7700        .00000      -8.13519      -8.13511
     1.7800        .00000      -8.08948      -8.08941
     1.7900        .00000      -8.04429      -8.04422
     1.8000        .00000      -7.99960      -7.99952
     1.8100        .00000      -7.95540      -7.95533
     1.8200        .00000      -7.91169      -7.91162
     1.8300        .00000      -7.86846      -7.86838
     1.8400        .00000      -7.82570      -7.82562
     1.8500        .00000      -7.78339      -7.78332
     1.8600        .00000      -7.74155      -7.74147
     1.8700        .00000      -7.70015      -7.70007
     1.8800        .00000      -7.65919      -7.65912
     1.8900        .00000      -7.61867      -7.61859
     1.9000        .00000      -7.57857      -7.57849
     1.9100        .00000      -7.53889      -7.53881
     1.9200        .00000      -7.49963      -7.49955
     1.9300        .00000      -7.46077      -7.46069
     1.9400        .00000      -7.42231      -7.42223
     1.9500        .00000      -7.38425      -7.38417
     1.9600        .00000      -7.34657      -7.34649
     1.9700        .00000      -7.30928      -7.30920
     1.9800        .00000      -7.27236      -7.27229
     1.9900        .00000      -7.23582      -7.23574
     2.0000        .00000      -7.19964      -7.19956
     2.0100        .00000      -7.16382      -7.16374
     2.0200        .00000      -7.12836      -7.12828
     2.0300        .00000      -7.09324      -7.09316
     2.0400        .00000      -7.05847      -7.05839
     2.0500        .00000      -7.02404      -7.02396
     2.0600        .00000      -6.98994      -6.98986
     2.0700        .00000      -6.95618      -6.95610
     2.0800        .00000      -6.92273      -6.92265
     2.0900        .00000      -6.88961      -6.88953
     2.1000        .00000      -6.85680      -6.85672
     2.1100        .00000      -6.82431      -6.82423
     2.1200        .00000      -6.79212      -6.79204
     2.1300        .00000      -6.76023      -6.76015
     2.1400        .00000      -6.72864      -6.72856
     2.1500        .00000      -6.69734      -6.69726
     2.1600        .00000      -6.66634      -6.66626
     2.1700        .00000      -6.63562      -6.63554
     2.1800        .00000      -6.60518      -6.60510
     2.1900        .00000      -6.57502      -6.57494
     2.2000        .00000      -6.54513      -6.54505
     2.2100        .00000      -6.51551      -6.51543
     2.2200        .00000      -6.48617      -6.48609
     2.2300        .00000      -6.45708      -6.45700
     2.2400        .00000      -6.42825      -6.42817
     2.2500        .00000      -6.39968      -6.39960
     2.2600        .00000      -6.37137      -6.37129
     2.2700        .00000      -6.34330      -6.34322
     2.2800        .00000      -6.31548      -6.31540
     2.2900        .00000      -6.28790      -6.28782
     2.3000        .00000      -6.26056      -6.26048
     2.3100        .00000      -6.23346      -6.23338
     2.3200        .00000      -6.20659      -6.20651
     2.3300        .00000      -6.17995      -6.17987
     2.3400        .00000      -6.15354      -6.15346
     2.3500        .00000      -6.12736      -6.12728
     2.3600        .00000      -6.10139      -6.10131
     2.3700        .00000      -6.07565      -6.07557
     2.3800        .00000      -6.05012      -6.05004
     2.3900        .00000      -6.02481      -6.02473
     2.4000        .00000      -5.99970      -5.99962
     2.4100        .00000      -5.97481      -5.97473
     2.4200        .00000      -5.95012      -5.95004
     2.4300        .00000      -5.92563      -5.92555
     2.4400        .00000      -5.90135      -5.90127
     2.4500        .00000      -5.87726      -5.87718
     2.4600        .00000      -5.85337      -5.85329
     2.4700        .00000      -5.82967      -5.82959
     2.4800        .00000      -5.80617      -5.80609
     2.4900        .00000      -5.78285      -5.78277
     2.5000        .00000      -5.75972      -5.75964
     2.5100        .00000      -5.73677      -5.73669
     2.5200        .00000      -5.71400      -5.71393
     2.5300        .00000      -5.69142      -5.69134
     2.5400        .00000      -5.66901      -5.66893
     2.5500        .00000      -5.64678      -5.64670
     2.5600        .00000      -5.62472      -5.62465
     2.5700        .00000      -5.60284      -5.60276
     2.5800        .00000      -5.58112      -5.58104
     2.5900        .00000      -5.55957      -5.55949
     2.6000        .00000      -5.53819      -5.53811
     2.6100        .00000      -5.51697      -5.51689
     2.6200        .00000      -5.49591      -5.49584
     2.6300        .00000      -5.47502      -5.47494
     2.6400        .00000      -5.45428      -5.45420
     2.6500        .00000      -5.43370      -5.43362
     2.6600        .00000      -5.41327      -5.41319
     2.6700        .00000      -5.39299      -5.39292
     2.6800        .00000      -5.37287      -5.37279
     2.6900        .00000      -5.35290      -5.35282
     2.7000        .00000      -5.33307      -5.33300
     2.7100        .00000      -5.31339      -5.31332
     2.7200        .00000      -5.29386      -5.29378
     2.7300        .00000      -5.27447      -5.27439
     2.7400        .00000      -5.25522      -5.25514
     2.7500        .00000      -5.23611      -5.23603
     2.7600        .00000      -5.21714      -5.21706
     2.7700        .00000      -5.19830      -5.19823
     2.7800        .00000      -5.17960      -5.17953
     2.7900        .00000      -5.16104      -5.16096
     2.8000        .00000      -5.14260      -5.14253
     2.8100        .00000      -5.12430      -5.12423
     2.8200        .00000      -5.10613      -5.10606
     2.8300        .00000      -5.08809      -5.08802
     2.8400        .00000      -5.07017      -5.07010
     2.8500        .00000      -5.05238      -5.05231
     2.8600        .00000      -5.03472      -5.03465
     2.8700        .00000      -5.01718      -5.01710
     2.8800        .00000      -4.99975      -4.99968
     2.8900        .00000      -4.98245      -4.98238
     2.9000        .00000      -4.96527      -4.96520
     2.9100        .00000      -4.94821      -4.94814
     2.9200        .00000      -4.93127      -4.93119
     2.9300        .00000      -4.91443      -4.91436
     2.9400        .00000      -4.89772      -4.89765
     2.9500        .00000      -4.88112      -4.88105
     2.9600        .00000      -4.86463      -4.86456
     2.9700        .00000      -4.84825      -4.84818
     2.9800        .00000      -4.83198      -4.83191
     2.9900        .00000      -4.81582      -4.81575
     3.0000        .00000      -4.79976      -4.79970
     3.0100        .00000      -4.78382      -4.78375
     3.0200        .00000      -4.76798      -4.76791
     3.0300        .00000      -4.75224      -4.75217
     3.0400        .00000      -4.73661      -4.73654
     3.0500        .00000      -4.72108      -4.72101
     3.0600        .00000      -4.70565      -4.70558
     3.0700        .00000      -4.69032      -4.69026
     3.0800        .00000      -4.67510      -4.67503
     3.0900        .00000      -4.65997      -4.65990
     3.1000        .00000      -4.64493      -4.64487
     3.1100        .00000      -4.63000      -4.62993
     3.1200        .00000      -4.61516      -4.61509
     3.1300        .00000      -4.60041      -4.60035
     3.1400        .00000      -4.58576      -4.58570
     3.1500        .00000      -4.57120      -4.57114
     3.1600        .00000      -4.55674      -4.55667
     3.1700        .00000      -4.54236      -4.54230
     3.1800        .00000      -4.52808      -4.52801
     3.1900        .00000      -4.51389      -4.51382
     3.2000        .00000      -4.49978      -4.49971
     3.2100        .00000      -4.48576      -4.48570
     3.2200        .00000      -4.47183      -4.47177
     3.2300        .00000      -4.45799      -4.45792
     3.2400        .00000      -4.44423      -4.44416
     3.2500        .00000      -4.43055      -4.43049
     3.2600        .00000      -4.41696      -4.41690
     3.2700        .00000      -4.40345      -4.40339
     3.2800        .00000      -4.39003      -4.38997
     3.2900        .00000      -4.37669      -4.37662
     3.3000        .00000      -4.36342      -4.36336
     3.3100        .00000      -4.35024      -4.35018
     3.3200        .00000      -4.33714      -4.33707
     3.3300        .00000      -4.32411      -4.32405
     3.3400        .00000      -4.31117      -4.31110
     3.3500        .00000      -4.29830      -4.29824
     3.3600        .00000      -4.28550      -4.28544
     3.3700        .00000      -4.27279      -4.27273
     3.3800        .00000      -4.26015      -4.26009
     3.3900        .00000      -4.24758      -4.24752
     3.4000        .00000      -4.23509      -4.23503
     3.4100        .00000      -4.22267      -4.22261
     3.4200        .00000      -4.21032      -4.21026
     3.4300        .00000      -4.19805      -4.19799
     3.4400        .00000      -4.18584      -4.18578
     3.4500        .00000      -4.17371      -4.17365
     3.4600        .00000      -4.16165      -4.16159
     3.4700        .00000      -4.14965      -4.14959
     3.4800        .00000      -4.13773      -4.13767
     3.4900        .00000      -4.12587      -4.12581
     3.5000        .00000      -4.11408      -4.11403
     3.5100        .00000      -4.10236      -4.10231
     3.5200        .00000      -4.09071      -4.09065
     3.5300        .00000      -4.07912      -4.07906
     3.5400        .00000      -4.06760      -4.06754
     3.5500        .00000      -4.05614      -4.05608
     3.5600        .00000      -4.04475      -4.04469
     3.5700        .00000      -4.03342      -4.03336
     3.5800        .00000      -4.02215      -4.02209
     3.5900        .00000      -4.01095      -4.01089
     3.6000        .00000      -3.99980      -3.99975
     3.6100        .00000      -3.98872      -3.98867
     3.6200        .00000      -3.97771      -3.97765
     3.6300        .00000      -3.96675      -3.96669
     3.6400        .00000      -3.95585      -3.95580
     3.6500        .00000      -3.94501      -3.94496
     3.6600        .00000      -3.93423      -3.93418
     3.6700        .00000      -3.92351      -3.92346
     3.6800        .00000      -3.91285      -3.91280
     3.6900        .00000      -3.90225      -3.90220
     3.7000        .00000      -3.89170      -3.89165
     3.7100        .00000      -3.88121      -3.88116
     3.7200        .00000      -3.87078      -3.87073
     3.7300        .00000      -3.86040      -3.86035
     3.7400        .00000      -3.85008      -3.85003
     3.7500        .00000      -3.83981      -3.83976
     3.7600        .00000      -3.82960      -3.82955
     3.7700        .00000      -3.81944      -3.81939
     3.7800        .00000      -3.80934      -3.80929
     3.7900        .00000      -3.79929      -3.79924
     3.8000        .00000      -3.78929      -3.78924
     3.8100        .00000      -3.77934      -3.77929
     3.8200        .00000      -3.76945      -3.76940
     3.8300        .00000      -3.75961      -3.75956
     3.8400        .00000      -3.74982      -3.74977
     3.8500        .00000      -3.74008      -3.74003
     3.8600        .00000      -3.73039      -3.73034
     3.8700        .00000      -3.72075      -3.72070
     3.8800        .00000      -3.71116      -3.71111
     3.8900        .00000      -3.70162      -3.70157
     3.9000        .00000      -3.69213      -3.69208
     3.9100        .00000      -3.68268      -3.68264
     3.9200        .00000      -3.67329      -3.67324
     3.9300        .00000      -3.66394      -3.66390
     3.9400        .00000      -3.65464      -3.65460
     3.9500        .00000      -3.64539      -3.64534
     3.9600        .00000      -3.63619      -3.63614
     3.9700        .00000      -3.62703      -3.62698
     3.9800        .00000      -3.61791      -3.61787
     3.9900        .00000      -3.60885      -3.60880
     4.0000        .00000      -3.59982      -3.59978
     4.0100        .00000      -3.59085      -3.59080
     4.0200        .00000      -3.58191      -3.58187
     4.0300        .00000      -3.57303      -3.57298
     4.0400        .00000      -3.56418      -3.56414
     4.0500        .00000      -3.55538      -3.55534
     4.0600        .00000      -3.54662      -3.54658
     4.0700        .00000      -3.53791      -3.53787
     4.0800        .00000      -3.52924      -3.52919
     4.0900        .00000      -3.52061      -3.52057
     4.1000        .00000      -3.51202      -3.51198
     4.1100        .00000      -3.50348      -3.50343
     4.1200        .00000      -3.49497      -3.49493
     4.1300        .00000      -3.48651      -3.48647
     4.1400        .00000      -3.47809      -3.47805
     4.1500        .00000      -3.46971      -3.46967
     4.1600        .00000      -3.46137      -3.46133
     4.1700        .00000      -3.45307      -3.45303
     4.1800        .00000      -3.44481      -3.44477
     4.1900        .00000      -3.43659      -3.43654
     4.2000        .00000      -3.42840      -3.42836
     4.2100        .00000      -3.42026      -3.42022
     4.2200        .00000      -3.41215      -3.41211
     4.2300        .00000      -3.40409      -3.40405
     4.2400        .00000      -3.39606      -3.39602
     4.2500        .00000      -3.38807      -3.38803
     4.2600        .00000      -3.38012      -3.38008
     4.2700        .00000      -3.37220      -3.37216
     4.2800        .00000      -3.36432      -3.36428
     4.2900        .00000      -3.35648      -3.35644
     4.3000        .00000      -3.34867      -3.34863
     4.3100        .00000      -3.34090      -3.34086
     4.3200        .00000      -3.33317      -3.33313
     4.3300        .00000      -3.32547      -3.32543
     4.3400        .00000      -3.31781      -3.31777
     4.3500        .00000      -3.31018      -3.31014
     4.3600        .00000      -3.30259      -3.30255
     4.3700        .00000      -3.29503      -3.29499
     4.3800        .00000      -3.28751      -3.28747
     4.3900        .00000      -3.28002      -3.27998
     4.4000        .00000      -3.27257      -3.27253
     4.4100        .00000      -3.26515      -3.26511
     4.4200        .00000      -3.25776      -3.25772
     4.4300        .00000      -3.25040      -3.25037
     4.4400        .00000      -3.24308      -3.24305
     4.4500        .00000      -3.23580      -3.23576
     4.4600        .00000      -3.22854      -3.22850
     4.4700        .00000      -3.22132      -3.22128
     4.4800        .00000      -3.21413      -3.21409
     4.4900        .00000      -3.20697      -3.20693
     4.5000        .00000      -3.19984      -3.19981
     4.5100        .00000      -3.19275      -3.19271
     4.5200        .00000      -3.18568      -3.18565
     4.5300        .00000      -3.17865      -3.17862
     4.5400        .00000      -3.17165      -3.17162
     4.5500        .00000      -3.16468      -3.16464
     4.5600        .00000      -3.15774      -3.15770
     4.5700        .00000      -3.15083      -3.15080
     4.5800        .00000      -3.14395      -3.14392
     4.5900        .00000      -3.13710      -3.13707
     4.6000        .00000      -3.13028      -3.13025
     4.6100        .00000      -3.12349      -3.12346
     4.6200        .00000      -3.11673      -3.11670
     4.6300        .00000      -3.11000      -3.10996
     4.6400        .00000      -3.10330      -3.10326
     4.6500        .00000      -3.09662      -3.09659
     4.6600        .00000      -3.08998      -3.08994
     4.6700        .00000      -3.08336      -3.08333
     4.6800        .00000      -3.07677      -3.07674
     4.6900        .00000      -3.07021      -3.07018
     4.7000        .00000      -3.06368      -3.06365
     4.7100        .00000      -3.05717      -3.05714
     4.7200        .00000      -3.05070      -3.05067
     4.7300        .00000      -3.04425      -3.04422
     4.7400        .00000      -3.03783      -3.03779
     4.7500        .00000      -3.03143      -3.03140
     4.7600        .00000      -3.02506      -3.02503
     4.7700        .00000      -3.01872      -3.01869
     4.7800        .00000      -3.01240      -3.01237
     4.7900        .00000      -3.00612      -3.00608
     4.8000        .00000      -2.99985      -2.99982
     4.8100        .00000      -2.99362      -2.99359
     4.8200        .00000      -2.98741      -2.98737
     4.8300        .00000      -2.98122      -2.98119
     4.8400        .00000      -2.97506      -2.97503
     4.8500        .00000      -2.96893      -2.96890
     4.8600        .00000      -2.96282      -2.96279
     4.8700        .00000      -2.95673      -2.95670
     4.8800        .00000      -2.95067      -2.95064
     4.8900        .00000      -2.94464      -2.94461
     4.9000        .00000      -2.93863      -2.93860
     4.9100        .00000      -2.93265      -2.93262
     4.9200        .00000      -2.92669      -2.92666
     4.9300        .00000      -2.92075      -2.92072
     4.9400        .00000      -2.91484      -2.91481
     4.9500        .00000      -2.90895      -2.90892
     4.9600        .00000      -2.90308      -2.90305
     4.9700        .00000      -2.89724      -2.89721
     4.9800        .00000      -2.89142      -2.89140
     4.9900        .00000      -2.88563      -2.88560
     5.0000        .00000      -2.87986      -2.87983
      .0000                      .00000        .00000
      .0100                      .03458        .00007
      .0200                      .06916        .00029
      .0300                      .10364        .00064
      .0400                      .13796        .00114
      .0500                      .17208        .00178
      .0600                      .20593        .00256
      .0700                      .23948        .00348
      .0800                      .27266        .00454
      .0900                      .30544        .00574
      .1000                      .33775        .00707
      .1100                      .36956        .00853
      .1200                      .40081        .01013
      .1300                      .43147        .01186
      .1400                      .46148        .01371
      .1500                      .49081        .01569
      .1600                      .51941        .01779
      .1700                      .54724        .02001
      .1800                      .57427        .02235
      .1900                      .60047        .02480
      .2000                      .62581        .02736
      .2100                      .65024        .03003
      .2200                      .67376        .03280
      .2300                      .69634        .03568
      .2400                      .71796        .03865
      .2500                      .73860        .04171
      .2600                      .75826        .04487
      .2700                      .77693        .04811
      .2800                      .79459        .05144
      .2900                      .81126        .05484
      .3000                      .82693        .05832
      .3100                      .84162        .06187
      .3200                      .85533        .06549
      .3300                      .86808        .06917
      .3400                      .87988        .07291
      .3500                      .89077        .07671
      .3600                      .90075        .08057
      .3700                      .90986        .08447
      .3800                      .91812        .08842
      .3900                      .92558        .09242
      .4000                      .93225        .09645
      .4100                      .93818        .10053
      .4200                      .94340        .10464
      .4300                      .94795        .10878
      .4400                      .95186        .11295
      .4500                      .95518        .11716
      .4600                      .95794        .12138
      .4700                      .96017        .12563
      .4800                      .96192        .12991
      .4900                      .96322        .13420
      .5000                      .96411        .13851
      .5100                      .96461        .14284
      .5200                      .96476        .14718
      .5300                      .96459        .15154
      .5400                      .96412        .15591
      .5500                      .96339        .16030
      .5600                      .96242        .16469
      .5700                      .96122        .16909
      .5800                      .95982        .17351
      .5900                      .95823        .17793
      .6000                      .95647        .18236
      .6100                      .95455        .18679
      .6200                      .95248        .19123
      .6300                      .95027        .19567
      .6400                      .94793        .20011
      .6500                      .94545        .20456
      .6600                      .94285        .20901
      .6700                      .94013        .21346
      .6800                      .93728        .21791
      .6900                      .93431        .22235
      .7000                      .93122        .22680
      .7100                      .92800        .23124
      .7200                      .92466        .23567
      .7300                      .92120        .24009
      .7400                      .91761        .24451
      .7500                      .91391        .24892
      .7600                      .91008        .25332
      .7700                      .90613        .25771
      .7800                      .90207        .26209
      .7900                      .89789        .26645
      .8000                      .89361        .27080
      .8100                      .88923        .27513
      .8200                      .88475        .27945
      .8300                      .88019        .28375
      .8400                      .87553        .28804
      .8500                      .87079        .29231
      .8600                      .86598        .29656
      .8700                      .86108        .30079
      .8800                      .85612        .30500
      .8900                      .85110        .30918
      .9000                      .84601        .31335
      .9100                      .84086        .31750
      .9200                      .83566        .32162
      .9300                      .83040        .32572
      .9400                      .82510        .32980
      .9500                      .81975        .33385
      .9600                      .81436        .33787
      .9700                      .80893        .34188
      .9800                      .80346        .34585
      .9900                      .79796        .34980
     1.0000                      .79243        .35372
     1.0100                      .78687        .35762
     1.0200                      .78128        .36148
     1.0300                      .77567        .36532
     1.0400                      .77004        .36913
     1.0500                      .76439        .37291
     1.0600                      .75873        .37667
     1.0700                      .75305        .38039
     1.0800                      .74736        .38408
     1.0900                      .74166        .38774
     1.1000                      .73595        .39137
     1.1100                      .73023        .39497
     1.1200                      .72451        .39854
     1.1300                      .71879        .40207
     1.1400                      .71306        .40558
     1.1500                      .70734        .40905
     1.1600                      .70162        .41249
     1.1700                      .69590        .41590
     1.1800                      .69018        .41927
     1.1900                      .68448        .42261
     1.2000                      .67878        .42592
     1.2100                      .67308        .42919
     1.2200                      .66740        .43244
     1.2300                      .66173        .43564
     1.2400                      .65608        .43881
     1.2500                      .65043        .44195
     1.2600                      .64480        .44506
     1.2700                      .63919        .44813
     1.2800                      .63359        .45116
     1.2900                      .62801        .45416
     1.3000                      .62245        .45713
     1.3100                      .61691        .46006
     1.3200                      .61139        .46295
     1.3300                      .60589        .46581
     1.3400                      .60041        .46864
     1.3500                      .59495        .47143
     1.3600                      .58952        .47419
     1.3700                      .58411        .47691
     1.3800                      .57873        .47959
     1.3900                      .57337        .48224
     1.4000                      .56804        .48486
     1.4100                      .56273        .48743
     1.4200                      .55745        .48998
     1.4300                      .55220        .49249
     1.4400                      .54697        .49496
     1.4500                      .54177        .49740
     1.4600                      .53661        .49980
     1.4700                      .53147        .50217
     1.4800                      .52636        .50450
     1.4900                      .52128        .50680
     1.5000                      .51623        .50906
     1.5100                      .51121        .51128
     1.5200                      .50623        .51348
     1.5300                      .50127        .51563
     1.5400                      .49635        .51775
     1.5500                      .49146        .51984
     1.5600                      .48660        .52189
     1.5700                      .48177        .52391
     1.5800                      .47697        .52589
     1.5900                      .47221        .52784
     1.6000                      .46748        .52975
     1.6100                      .46278        .53163
     1.6200                      .45812        .53348
     1.6300                      .45349        .53529
     1.6400                      .44889        .53707
     1.6500                      .44433        .53881
     1.6600                      .43980        .54052
     1.6700                      .43530        .54220
     1.6800                      .43084        .54384
     1.6900                      .42641        .54545
     1.7000                      .42201        .54703
     1.7100                      .41765        .54857
     1.7200                      .41332        .55008
     1.7300                      .40903        .55156
     1.7400                      .40477        .55300
     1.7500                      .40055        .55441
     1.7600                      .39635        .55579
     1.7700                      .39220        .55714
     1.7800                      .38807        .55845
     1.7900                      .38398        .55974
     1.8000                      .37993        .56099
     1.8100                      .37591        .56221
     1.8200                      .37192        .56340
     1.8300                      .36796        .56456
     1.8400                      .36404        .56568
     1.8500                      .36016        .56678
     1.8600                      .35630        .56784
     1.8700                      .35248        .56888
     1.8800                      .34869        .56988
     1.8900                      .34494        .57085
     1.9000                      .34122        .57180
     1.9100                      .33753        .57271
     1.9200                      .33387        .57359
     1.9300                      .33025        .57445
     1.9400                      .32666        .57527
     1.9500                      .32310        .57607
     1.9600                      .31958        .57684
     1.9700                      .31609        .57758
     1.9800                      .31262        .57829
     1.9900                      .30920        .57897
     2.0000                      .30580        .57962
     2.0100                      .30243        .58025
     2.0200                      .29910        .58085
     2.0300                      .29579        .58142
     2.0400                      .29252        .58196
     2.0500                      .28928        .58247
     2.0600                      .28607        .58296
     2.0700                      .28289        .58343
     2.0800                      .27974        .58386
     2.0900                      .27662        .58427
     2.1000                      .27353        .58465
     2.1100                      .27047        .58501
     2.1200                      .26745        .58534
     2.1300                      .26445        .58565
     2.1400                      .26148        .58593
     2.1500                      .25853        .58618
     2.1600                      .25562        .58641
     2.1700                      .25274        .58662
     2.1800                      .24988        .58680
     2.1900                      .24706        .58696
     2.2000                      .24426        .58709
     2.2100                      .24149        .58720
     2.2200                      .23875        .58728
     2.2300                      .23603        .58734
     2.2400                      .23334        .58738
     2.2500                      .23068        .58740
     2.2600                      .22805        .58739
     2.2700                      .22544        .58736
     2.2800                      .22287        .58731
     2.2900                      .22031        .58723
     2.3000                      .21779        .58713
     2.3100                      .21528        .58701
     2.3200                      .21281        .58687
     2.3300                      .21036        .58671
     2.3400                      .20794        .58653
     2.3500                      .20554        .58632
     2.3600                      .20316        .58610
     2.3700                      .20082        .58585
     2.3800                      .19849        .58558
     2.3900                      .19619        .58530
     2.4000                      .19392        .58499
     2.4100                      .19166        .58466
     2.4200                      .18944        .58431
     2.4300                      .18723        .58395
     2.4400                      .18505        .58356
     2.4500                      .18290        .58316
     2.4600                      .18076        .58273
     2.4700                      .17865        .58229
     2.4800                      .17656        .58183
     2.4900                      .17450        .58135
     2.5000                      .17245        .58086
     2.5100                      .17043        .58034
     2.5200                      .16843        .57981
     2.5300                      .16645        .57926
     2.5400                      .16449        .57869
     2.5500                      .16256        .57811
     2.5600                      .16064        .57750
     2.5700                      .15875        .57689
     2.5800                      .15688        .57625
     2.5900                      .15502        .57560
     2.6000                      .15319        .57493
     2.6100                      .15138        .57425
     2.6200                      .14959        .57355
     2.6300                      .14782        .57284
     2.6400                      .14606        .57210
     2.6500                      .14433        .57136
     2.6600                      .14262        .57060
     2.6700                      .14092        .56982
     2.6800                      .13925        .56903
     2.6900                      .13759        .56823
     2.7000                      .13595        .56741
     2.7100                      .13433        .56658
     2.7200                      .13273        .56573
     2.7300                      .13114        .56487
     2.7400                      .12957        .56399
     2.7500                      .12802        .56310
     2.7600                      .12649        .56220
     2.7700                      .12498        .56129
     2.7800                      .12348        .56036
     2.7900                      .12200        .55942
     2.8000                      .12054        .55847
     2.8100                      .11909        .55750
     2.8200                      .11766        .55652
     2.8300                      .11624        .55553
     2.8400                      .11485        .55453
     2.8500                      .11346        .55352
     2.8600                      .11210        .55249
     2.8700                      .11075        .55146
     2.8800                      .10941        .55041
     2.8900                      .10809        .54935
     2.9000                      .10679        .54828
     2.9100                      .10550        .54720
     2.9200                      .10422        .54611
     2.9300                      .10296        .54501
     2.9400                      .10171        .54389
     2.9500                      .10048        .54277
     2.9600                      .09926        .54164
     2.9700                      .09806        .54050
     2.9800                      .09687        .53935
     2.9900                      .09570        .53818
     3.0000                      .09453        .53701
     3.0100                      .09338        .53583
     3.0200                      .09225        .53464
     3.0300                      .09113        .53345
     3.0400                      .09002        .53224
     3.0500                      .08892        .53102
     3.0600                      .08784        .52980
     3.0700                      .08677        .52857
     3.0800                      .08571        .52733
     3.0900                      .08466        .52608
     3.1000                      .08363        .52482
     3.1100                      .08261        .52356
     3.1200                      .08160        .52228
     3.1300                      .08060        .52100
     3.1400                      .07962        .51972
     3.1500                      .07864        .51842
     3.1600                      .07768        .51712
     3.1700                      .07673        .51581
     3.1800                      .07579        .51450
     3.1900                      .07486        .51318
     3.2000                      .07394        .51185
     3.2100                      .07303        .51051
     3.2200                      .07214        .50917
     3.2300                      .07125        .50782
     3.2400                      .07038        .50647
     3.2500                      .06951        .50511
     3.2600                      .06866        .50374
     3.2700                      .06781        .50237
     3.2800                      .06698        .50100
     3.2900                      .06615        .49961
     3.3000                      .06534        .49823
     3.3100                      .06453        .49683
     3.3200                      .06374        .49544
     3.3300                      .06295        .49403
     3.3400                      .06217        .49262
     3.3500                      .06141        .49121
     3.3600                      .06065        .48980
     3.3700                      .05990        .48837
     3.3800                      .05916        .48695
     3.3900                      .05843        .48552
     3.4000                      .05771        .48408
     3.4100                      .05699        .48264
     3.4200                      .05629        .48120
     3.4300                      .05559        .47976
     3.4400                      .05490        .47831
     3.4500                      .05422        .47685
     3.4600                      .05355        .47539
     3.4700                      .05289        .47393
     3.4800                      .05223        .47247
     3.4900                      .05158        .47100
     3.5000                      .05094        .46953
     3.5100                      .05031        .46806
     3.5200                      .04969        .46658
     3.5300                      .04907        .46510
     3.5400                      .04846        .46362
     3.5500                      .04786        .46214
     3.5600                      .04726        .46065
     3.5700                      .04667        .45916
     3.5800                      .04609        .45767
     3.5900                      .04552        .45617
     3.6000                      .04495        .45468
     3.6100                      .04439        .45318
     3.6200                      .04384        .45168
     3.6300                      .04330        .45018
     3.6400                      .04276        .44867
     3.6500                      .04222        .44717
     3.6600                      .04170        .44566
     3.6700                      .04118        .44415
     3.6800                      .04066        .44264
     3.6900                      .04016        .44113
     3.7000                      .03965        .43962
     3.7100                      .03916        .43810
     3.7200                      .03867        .43659
     3.7300                      .03819        .43507
     3.7400                      .03771        .43356
     3.7500                      .03724        .43204
     3.7600                      .03677        .43052
     3.7700                      .03631        .42900
     3.7800                      .03586        .42748
     3.7900                      .03541        .42596
     3.8000                      .03497        .42444
     3.8100                      .03453        .42292
     3.8200                      .03410        .42139
     3.8300                      .03367        .41987
     3.8400                      .03325        .41835
     3.8500                      .03283        .41683
     3.8600                      .03242        .41531
     3.8700                      .03202        .41378
     3.8800                      .03161        .41226
     3.8900                      .03122        .41074
     3.9000                      .03083        .40922
     3.9100                      .03044        .40770
     3.9200                      .03006        .40617
     3.9300                      .02968        .40465
     3.9400                      .02931        .40313
     3.9500                      .02894        .40161
     3.9600                      .02858        .40009
     3.9700                      .02822        .39858
     3.9800                      .02786        .39706
     3.9900                      .02751        .39554
     4.0000                      .02717        .39402
     4.0100                      .02683        .39251
     4.0200                      .02649        .39100
     4.0300                      .02615        .38948
     4.0400                      .02583        .38797
     4.0500                      .02550        .38646
     4.0600                      .02518        .38495
     4.0700                      .02486        .38344
     4.0800                      .02455        .38193
     4.0900                      .02424        .38043
     4.1000                      .02394        .37892
     4.1100                      .02363        .37742
     4.1200                      .02334        .37592
     4.1300                      .02304        .37442
     4.1400                      .02275        .37292
     4.1500                      .02247        .37143
     4.1600                      .02218        .36993
     4.1700                      .02190        .36844
     4.1800                      .02163        .36695
     4.1900                      .02135        .36546
     4.2000                      .02108        .36397
     4.2100                      .02082        .36249
     4.2200                      .02056        .36100
     4.2300                      .02030        .35952
     4.2400                      .02004        .35804
     4.2500                      .01979        .35657
     4.2600                      .01954        .35509
     4.2700                      .01929        .35362
     4.2800                      .01905        .35215
     4.2900                      .01881        .35068
     4.3000                      .01857        .34922
     4.3100                      .01833        .34775
     4.3200                      .01810        .34629
     4.3300                      .01787        .34483
     4.3400                      .01765        .34338
     4.3500                      .01742        .34193
     4.3600                      .01720        .34048
     4.3700                      .01699        .33903
     4.3800                      .01677        .33758
     4.3900                      .01656        .33614
     4.4000                      .01635        .33470
     4.4100                      .01614        .33326
     4.4200                      .01594        .33183
     4.4300                      .01574        .33040
     4.4400                      .01554        .32897
     4.4500                      .01534        .32754
     4.4600                      .01515        .32612
     4.4700                      .01495        .32470
     4.4800                      .01477        .32328
     4.4900                      .01458        .32187
     4.5000                      .01439        .32046
     4.5100                      .01421        .31905
     4.5200                      .01403        .31765
     4.5300                      .01385        .31625
     4.5400                      .01368        .31485
     4.5500                      .01350        .31345
     4.5600                      .01333        .31206
     4.5700                      .01316        .31067
     4.5800                      .01300        .30929
     4.5900                      .01283        .30791
     4.6000                      .01267        .30653
     4.6100                      .01251        .30515
     4.6200                      .01235        .30378
     4.6300                      .01219        .30241
     4.6400                      .01204        .30105
     4.6500                      .01189        .29969
     4.6600                      .01174        .29833
     4.6700                      .01159        .29697
     4.6800                      .01144        .29562
     4.6900                      .01129        .29427
     4.7000                      .01115        .29293
     4.7100                      .01101        .29159
     4.7200                      .01087        .29025
     4.7300                      .01073        .28892
     4.7400                      .01059        .28759
     4.7500                      .01046        .28626
     4.7600                      .01033        .28494
     4.7700                      .01020        .28362
     4.7800                      .01007        .28231
     4.7900                      .00994        .28099
     4.8000                      .00981        .27969
     4.8100                      .00969        .27838
     4.8200                      .00956        .27708
     4.8300                      .00944        .27579
     4.8400                      .00932        .27449
     4.8500                      .00920        .27320
     4.8600                      .00909        .27192
     4.8700                      .00897        .27064
     4.8800                      .00886        .26936
     4.8900                      .00874        .26809
     4.9000                      .00863        .26682
     4.9100                      .00852        .26555
     4.9200                      .00842        .26429
     4.9300                      .00831        .26303
     4.9400                      .00820        .26178
     4.9500                      .00810        .26053
     4.9600                      .00800        .25928
     4.9700                      .00789        .25804
     4.9800                      .00779        .25680
     4.9900                      .00769        .25557
     5.0000                      .00760        .25434
