          500      .01000           1     4.00000
            0      .80000      .80000
      .0000        .00000     -68.92629    -254.50140
      .0100        .00000     -68.92629    -254.50140
      .0200        .00000     -68.87501    -254.44879
      .0300        .00000     -68.79173    -254.35977
      .0400        .00000     -68.67962    -254.23227
      .0500        .00000     -68.54291    -254.06327
      .0600        .00000     -68.38676    -253.84876
      .0700        .00000     -68.21706    -253.58366
      .0800        .00000     -68.04024    -253.26181
      .0900        .00000     -67.86316    -252.87592
      .1000        .00000     -67.69294    -252.41770
      .1100        .00000     -67.53685    -251.87787
      .1200        .00000     -67.40222    -251.24634
      .1300        .00000     -67.29633    -250.51232
      .1400        .00000     -67.22639    -249.66456
      .1500        .00000     -67.19943    -248.69150
      .1600        .00000     -67.22224    -247.58152
      .1700        .00000     -67.30137    -246.32311
      .1800        .00000     -67.44299    -244.90520
      .1900        .00000     -67.65291    -243.31726
      .2000        .00000     -67.93645    -241.54962
      .2100        .00000     -68.29842    -239.59363
      .2200        .00000     -68.74305    -237.44184
      .2300        .00000     -69.27390    -235.08825
      .2400        .00000     -69.89381    -232.52841
      .2500        .00000     -70.60485    -229.75959
      .2600        .00000     -71.40820    -226.78088
      .2700        .00000     -72.30415    -223.59329
      .2800        .00000     -73.29199    -220.19984
      .2900        .00000     -74.36999    -216.60553
      .3000        .00000     -75.53532    -212.81742
      .3100        .00000     -76.78402    -208.84454
      .3200        .00000     -78.11101    -204.69788
      .3300        .00000     -79.50999    -200.39028
      .3400        .00000     -80.97352    -195.93633
      .3500        .00000     -82.49298    -191.35223
      .3600        .00000     -84.05858    -186.65561
      .3700        .00000     -85.65948    -181.86538
      .3800        .00000     -87.28376    -177.00151
      .3900        .00000     -88.91858    -172.08481
      .4000        .00000     -90.55022    -167.13670
      .4100        .00000     -92.16425    -162.17900
      .4200        .00000     -93.74566    -157.23368
      .4300        .00000     -95.27903    -152.32260
      .4400        .00000     -96.74868    -147.46733
      .4500        .00000     -98.13891    -142.68886
      .4600        .00000     -99.43422    -138.00743
      .4700        .00000    -100.61948    -133.44230
      .4800        .00000    -101.68022    -129.01158
      .4900        .00000    -102.60286    -124.73203
      .5000        .00000    -103.37494    -120.61891
      .5100        .00000    -103.98536    -116.68583
      .5200        .00000    -104.42460    -112.94464
      .5300        .00000    -104.68497    -109.40529
      .5400        .00000    -104.76077    -106.07573
      .5500        .00000    -104.64848    -102.96187
      .5600        .00000    -104.34690    -100.06746
      .5700        .00000    -103.85727     -97.39406
      .5800        .00000    -103.18332     -94.94096
      .5900        .00000    -102.33136     -92.70521
      .6000        .00000    -101.31019     -90.68157
      .6100        .00000    -100.13112     -88.86250
      .6200        .00000     -98.80781     -87.23822
      .6300        .00000     -97.35614     -85.79676
      .6400        .00000     -95.79401     -84.52401
      .6500        .00000     -94.14107     -83.40391
      .6600        .00000     -92.41838     -82.41857
      .6700        .00000     -90.64811     -81.54854
      .6800        .00000     -88.85308     -80.77310
      .6900        .00000     -87.05629     -80.07061
      .7000        .00000     -85.28039     -79.41902
      .7100        .00000     -83.54708     -78.79640
      .7200        .00000     -81.87649     -78.18158
      .7300        .00000     -80.28639     -77.55499
      .7400        .00000     -78.79141     -76.89949
      .7500        .00000     -77.40216     -76.20143
      .7600        .00000     -76.12420     -75.45178
      .7700        .00000     -74.95700     -74.64748
      .7800        .00000     -73.89267     -73.79284
      .7900        .00000     -72.91470     -72.90114
      .8000        .00000     -71.99645     -71.99645
      .8100        .00000     -71.10747     -71.10747
      .8200        .00000     -70.24019     -70.24019
      .8300        .00000     -69.39382     -69.39382
      .8400        .00000     -68.56762     -68.56762
      .8500        .00000     -67.76086     -67.76086
      .8600        .00000     -66.97288     -66.97288
      .8700        .00000     -66.20302     -66.20302
      .8800        .00000     -65.45066     -65.45066
      .8900        .00000     -64.71521     -64.71521
      .9000        .00000     -63.99611     -63.99611
      .9100        .00000     -63.29282     -63.29282
      .9200        .00000     -62.60482     -62.60482
      .9300        .00000     -61.93162     -61.93162
      .9400        .00000     -61.27275     -61.27275
      .9500        .00000     -60.62775     -60.62775
      .9600        .00000     -59.99619     -59.99619
      .9700        .00000     -59.37765     -59.37765
      .9800        .00000     -58.77174     -58.77174
      .9900        .00000     -58.17807     -58.17807
     1.0000        .00000     -57.59628     -57.59628
     1.0100        .00000     -57.02600     -57.02600
     1.0200        .00000     -56.46691     -56.46691
     1.0300        .00000     -55.91868     -55.91868
     1.0400        .00000     -55.38099     -55.38099
     1.0500        .00000     -54.85354     -54.85354
     1.0600        .00000     -54.33605     -54.33605
     1.0700        .00000     -53.82823     -53.82823
     1.0800        .00000     -53.32981     -53.32981
     1.0900        .00000     -52.84054     -52.84054
     1.1000        .00000     -52.36017     -52.36017
     1.1100        .00000     -51.88845     -51.88845
     1.1200        .00000     -51.42515     -51.42515
     1.1300        .00000     -50.97006     -50.97006
     1.1400        .00000     -50.52295     -50.52295
     1.1500        .00000     -50.08361     -50.08361
     1.1600        .00000     -49.65185     -49.65185
     1.1700        .00000     -49.22748     -49.22748
     1.1800        .00000     -48.81029     -48.81029
     1.1900        .00000     -48.40012     -48.40012
     1.2000        .00000     -47.99678     -47.99678
     1.2100        .00000     -47.60011     -47.60011
     1.2200        .00000     -47.20994     -47.20994
     1.2300        .00000     -46.82612     -46.82612
     1.2400        .00000     -46.44849     -46.44849
     1.2500        .00000     -46.07690     -46.07690
     1.2600        .00000     -45.71121     -45.71121
     1.2700        .00000     -45.35128     -45.35128
     1.2800        .00000     -44.99697     -44.99697
     1.2900        .00000     -44.64815     -44.64815
     1.3000        .00000     -44.30471     -44.30471
     1.3100        .00000     -43.96650     -43.96650
     1.3200        .00000     -43.63342     -43.63342
     1.3300        .00000     -43.30535     -43.30535
     1.3400        .00000     -42.98217     -42.98217
     1.3500        .00000     -42.66379     -42.66379
     1.3600        .00000     -42.35008     -42.35008
     1.3700        .00000     -42.04096     -42.04096
     1.3800        .00000     -41.73631     -41.73631
     1.3900        .00000     -41.43605     -41.43605
     1.4000        .00000     -41.14008     -41.14008
     1.4100        .00000     -40.84831     -40.84831
     1.4200        .00000     -40.56064     -40.56064
     1.4300        .00000     -40.27700     -40.27700
     1.4400        .00000     -39.99730     -39.99730
     1.4500        .00000     -39.72146     -39.72146
     1.4600        .00000     -39.44939     -39.44939
     1.4700        .00000     -39.18103     -39.18103
     1.4800        .00000     -38.91629     -38.91629
     1.4900        .00000     -38.65511     -38.65511
     1.5000        .00000     -38.39741     -38.39741
     1.5100        .00000     -38.14312     -38.14312
     1.5200        .00000     -37.89218     -37.89218
     1.5300        .00000     -37.64452     -37.64452
     1.5400        .00000     -37.40008     -37.40008
     1.5500        .00000     -37.15879     -37.15879
     1.5600        .00000     -36.92059     -36.92059
     1.5700        .00000     -36.68543     -36.68543
     1.5800        .00000     -36.45324     -36.45324
     1.5900        .00000     -36.22398     -36.22398
     1.6000        .00000     -35.99758     -35.99758
     1.6100        .00000     -35.77399     -35.77399
     1.6200        .00000     -35.55316     -35.55316
     1.6300        .00000     -35.33505     -35.33505
     1.6400        .00000     -35.11959     -35.11959
     1.6500        .00000     -34.90674     -34.90674
     1.6600        .00000     -34.69646     -34.69646
     1.6700        .00000     -34.48870     -34.48870
     1.6800        .00000     -34.28341     -34.28341
     1.6900        .00000     -34.08055     -34.08055
     1.7000        .00000     -33.88008     -33.88008
     1.7100        .00000     -33.68195     -33.68195
     1.7200        .00000     -33.48612     -33.48612
     1.7300        .00000     -33.29256     -33.29256
     1.7400        .00000     -33.10123     -33.10123
     1.7500        .00000     -32.91208     -32.91208
     1.7600        .00000     -32.72508     -32.72508
     1.7700        .00000     -32.54019     -32.54019
     1.7800        .00000     -32.35738     -32.35738
     1.7900        .00000     -32.17662     -32.17662
     1.8000        .00000     -31.99786     -31.99786
     1.8100        .00000     -31.82107     -31.82107
     1.8200        .00000     -31.64623     -31.64623
     1.8300        .00000     -31.47330     -31.47330
     1.8400        .00000     -31.30225     -31.30225
     1.8500        .00000     -31.13305     -31.13305
     1.8600        .00000     -30.96567     -30.96567
     1.8700        .00000     -30.80008     -30.80008
     1.8800        .00000     -30.63625     -30.63625
     1.8900        .00000     -30.47415     -30.47415
     1.9000        .00000     -30.31376     -30.31376
     1.9100        .00000     -30.15505     -30.15505
     1.9200        .00000     -29.99800     -29.99800
     1.9300        .00000     -29.84257     -29.84257
     1.9400        .00000     -29.68874     -29.68874
     1.9500        .00000     -29.53649     -29.53649
     1.9600        .00000     -29.38580     -29.38580
     1.9700        .00000     -29.23663     -29.23663
     1.9800        .00000     -29.08897     -29.08897
     1.9900        .00000     -28.94279     -28.94279
     2.0000        .00000     -28.79808     -28.79808
     2.0100        .00000     -28.65481     -28.65481
     2.0200        .00000     -28.51295     -28.51295
     2.0300        .00000     -28.37250     -28.37250
     2.0400        .00000     -28.23341     -28.23341
     2.0500        .00000     -28.09569     -28.09569
     2.0600        .00000     -27.95930     -27.95930
     2.0700        .00000     -27.82424     -27.82424
     2.0800        .00000     -27.69047     -27.69047
     2.0900        .00000     -27.55798     -27.55798
     2.1000        .00000     -27.42675     -27.42675
     2.1100        .00000     -27.29676     -27.29676
     2.1200        .00000     -27.16801     -27.16801
     2.1300        .00000     -27.04046     -27.04046
     2.1400        .00000     -26.91410     -26.91410
     2.1500        .00000     -26.78892     -26.78892
     2.1600        .00000     -26.66490     -26.66490
     2.1700        .00000     -26.54202     -26.54202
     2.1800        .00000     -26.42026     -26.42026
     2.1900        .00000     -26.29962     -26.29962
     2.2000        .00000     -26.18008     -26.18008
     2.2100        .00000     -26.06162     -26.06162
     2.2200        .00000     -25.94422     -25.94422
     2.2300        .00000     -25.82788     -25.82788
     2.2400        .00000     -25.71258     -25.71258
     2.2500        .00000     -25.59830     -25.59830
     2.2600        .00000     -25.48504     -25.48504
     2.2700        .00000     -25.37277     -25.37277
     2.2800        .00000     -25.26148     -25.26148
     2.2900        .00000     -25.15117     -25.15117
     2.3000        .00000     -25.04182     -25.04182
     2.3100        .00000     -24.93341     -24.93341
     2.3200        .00000     -24.82594     -24.82594
     2.3300        .00000     -24.71939     -24.71939
     2.3400        .00000     -24.61375     -24.61375
     2.3500        .00000     -24.50902     -24.50902
     2.3600        .00000     -24.40516     -24.40516
     2.3700        .00000     -24.30219     -24.30219
     2.3800        .00000     -24.20008     -24.20008
     2.3900        .00000     -24.09882     -24.09882
     2.4000        .00000     -23.99841     -23.99841
     2.4100        .00000     -23.89883     -23.89883
     2.4200        .00000     -23.80008     -23.80008
     2.4300        .00000     -23.70214     -23.70214
     2.4400        .00000     -23.60500     -23.60500
     2.4500        .00000     -23.50865     -23.50865
     2.4600        .00000     -23.41309     -23.41309
     2.4700        .00000     -23.31830     -23.31830
     2.4800        .00000     -23.22427     -23.22427
     2.4900        .00000     -23.13100     -23.13100
     2.5000        .00000     -23.03848     -23.03848
     2.5100        .00000     -22.94669     -22.94669
     2.5200        .00000     -22.85563     -22.85563
     2.5300        .00000     -22.76529     -22.76529
     2.5400        .00000     -22.67567     -22.67567
     2.5500        .00000     -22.58674     -22.58674
     2.5600        .00000     -22.49851     -22.49851
     2.5700        .00000     -22.41097     -22.41097
     2.5800        .00000     -22.32411     -22.32411
     2.5900        .00000     -22.23791     -22.23791
     2.6000        .00000     -22.15238     -22.15238
     2.6100        .00000     -22.06751     -22.06751
     2.6200        .00000     -21.98328     -21.98328
     2.6300        .00000     -21.89969     -21.89969
     2.6400        .00000     -21.81674     -21.81674
     2.6500        .00000     -21.73441     -21.73441
     2.6600        .00000     -21.65271     -21.65271
     2.6700        .00000     -21.57161     -21.57161
     2.6800        .00000     -21.49112     -21.49112
     2.6900        .00000     -21.41123     -21.41123
     2.7000        .00000     -21.33193     -21.33193
     2.7100        .00000     -21.25321     -21.25321
     2.7200        .00000     -21.17507     -21.17507
     2.7300        .00000     -21.09751     -21.09751
     2.7400        .00000     -21.02051     -21.02051
     2.7500        .00000     -20.94407     -20.94407
     2.7600        .00000     -20.86819     -20.86819
     2.7700        .00000     -20.79285     -20.79285
     2.7800        .00000     -20.71806     -20.71806
     2.7900        .00000     -20.64380     -20.64380
     2.8000        .00000     -20.57007     -20.57007
     2.8100        .00000     -20.49687     -20.49687
     2.8200        .00000     -20.42418     -20.42418
     2.8300        .00000     -20.35201     -20.35201
     2.8400        .00000     -20.28035     -20.28035
     2.8500        .00000     -20.20919     -20.20919
     2.8600        .00000     -20.13853     -20.13853
     2.8700        .00000     -20.06836     -20.06836
     2.8800        .00000     -19.99868     -19.99868
     2.8900        .00000     -19.92948     -19.92948
     2.9000        .00000     -19.86076     -19.86076
     2.9100        .00000     -19.79251     -19.79251
     2.9200        .00000     -19.72473     -19.72473
     2.9300        .00000     -19.65741     -19.65741
     2.9400        .00000     -19.59055     -19.59055
     2.9500        .00000     -19.52414     -19.52414
     2.9600        .00000     -19.45818     -19.45818
     2.9700        .00000     -19.39266     -19.39266
     2.9800        .00000     -19.32758     -19.32758
     2.9900        .00000     -19.26294     -19.26294
     3.0000        .00000     -19.19873     -19.19873
     3.0100        .00000     -19.13495     -19.13495
     3.0200        .00000     -19.07159     -19.07159
     3.0300        .00000     -19.00865     -19.00865
     3.0400        .00000     -18.94612     -18.94612
     3.0500        .00000     -18.88400     -18.88400
     3.0600        .00000     -18.82229     -18.82229
     3.0700        .00000     -18.76098     -18.76098
     3.0800        .00000     -18.70007     -18.70007
     3.0900        .00000     -18.63955     -18.63955
     3.1000        .00000     -18.57942     -18.57942
     3.1100        .00000     -18.51968     -18.51968
     3.1200        .00000     -18.46032     -18.46032
     3.1300        .00000     -18.40134     -18.40134
     3.1400        .00000     -18.34274     -18.34274
     3.1500        .00000     -18.28451     -18.28451
     3.1600        .00000     -18.22665     -18.22665
     3.1700        .00000     -18.16915     -18.16915
     3.1800        .00000     -18.11201     -18.11201
     3.1900        .00000     -18.05524     -18.05524
     3.2000        .00000     -17.99881     -17.99881
     3.2100        .00000     -17.94274     -17.94274
     3.2200        .00000     -17.88702     -17.88702
     3.2300        .00000     -17.83164     -17.83164
     3.2400        .00000     -17.77661     -17.77661
     3.2500        .00000     -17.72191     -17.72191
     3.2600        .00000     -17.66755     -17.66755
     3.2700        .00000     -17.61352     -17.61352
     3.2800        .00000     -17.55982     -17.55982
     3.2900        .00000     -17.50645     -17.50645
     3.3000        .00000     -17.45340     -17.45340
     3.3100        .00000     -17.40067     -17.40067
     3.3200        .00000     -17.34825     -17.34825
     3.3300        .00000     -17.29616     -17.29616
     3.3400        .00000     -17.24437     -17.24437
     3.3500        .00000     -17.19290     -17.19290
     3.3600        .00000     -17.14173     -17.14173
     3.3700        .00000     -17.09086     -17.09086
     3.3800        .00000     -17.04030     -17.04030
     3.3900        .00000     -16.99003     -16.99003
     3.4000        .00000     -16.94006     -16.94006
     3.4100        .00000     -16.89038     -16.89038
     3.4200        .00000     -16.84100     -16.84100
     3.4300        .00000     -16.79190     -16.79190
     3.4400        .00000     -16.74308     -16.74308
     3.4500        .00000     -16.69455     -16.69455
     3.4600        .00000     -16.64630     -16.64630
     3.4700        .00000     -16.59833     -16.59833
     3.4800        .00000     -16.55063     -16.55063
     3.4900        .00000     -16.50321     -16.50321
     3.5000        .00000     -16.45606     -16.45606
     3.5100        .00000     -16.40918     -16.40918
     3.5200        .00000     -16.36256     -16.36256
     3.5300        .00000     -16.31621     -16.31621
     3.5400        .00000     -16.27011     -16.27011
     3.5500        .00000     -16.22428     -16.22428
     3.5600        .00000     -16.17871     -16.17871
     3.5700        .00000     -16.13339     -16.13339
     3.5800        .00000     -16.08833     -16.08833
     3.5900        .00000     -16.04351     -16.04351
     3.6000        .00000     -15.99895     -15.99895
     3.6100        .00000     -15.95463     -15.95463
     3.6200        .00000     -15.91055     -15.91055
     3.6300        .00000     -15.86672     -15.86672
     3.6400        .00000     -15.82313     -15.82313
     3.6500        .00000     -15.77978     -15.77978
     3.6600        .00000     -15.73667     -15.73667
     3.6700        .00000     -15.69379     -15.69379
     3.6800        .00000     -15.65114     -15.65114
     3.6900        .00000     -15.60873     -15.60873
     3.7000        .00000     -15.56654     -15.56654
     3.7100        .00000     -15.52458     -15.52458
     3.7200        .00000     -15.48285     -15.48285
     3.7300        .00000     -15.44134     -15.44134
     3.7400        .00000     -15.40006     -15.40006
     3.7500        .00000     -15.35899     -15.35899
     3.7600        .00000     -15.31814     -15.31814
     3.7700        .00000     -15.27751     -15.27751
     3.7800        .00000     -15.23709     -15.23709
     3.7900        .00000     -15.19689     -15.19689
     3.8000        .00000     -15.15690     -15.15690
     3.8100        .00000     -15.11711     -15.11711
     3.8200        .00000     -15.07754     -15.07754
     3.8300        .00000     -15.03817     -15.03817
     3.8400        .00000     -14.99901     -14.99901
     3.8500        .00000     -14.96005     -14.96005
     3.8600        .00000     -14.92130     -14.92130
     3.8700        .00000     -14.88274     -14.88274
     3.8800        .00000     -14.84438     -14.84438
     3.8900        .00000     -14.80622     -14.80622
     3.9000        .00000     -14.76826     -14.76826
     3.9100        .00000     -14.73049     -14.73049
     3.9200        .00000     -14.69291     -14.69291
     3.9300        .00000     -14.65552     -14.65552
     3.9400        .00000     -14.61833     -14.61833
     3.9500        .00000     -14.58132     -14.58132
     3.9600        .00000     -14.54450     -14.54450
     3.9700        .00000     -14.50786     -14.50786
     3.9800        .00000     -14.47141     -14.47141
     3.9900        .00000     -14.43514     -14.43514
     4.0000        .00000     -14.39905     -14.39905
     4.0100        .00000     -14.36314     -14.36314
     4.0200        .00000     -14.32741     -14.32741
     4.0300        .00000     -14.29186     -14.29186
     4.0400        .00000     -14.25649     -14.25649
     4.0500        .00000     -14.22129     -14.22129
     4.0600        .00000     -14.18626     -14.18626
     4.0700        .00000     -14.15140     -14.15140
     4.0800        .00000     -14.11672     -14.11672
     4.0900        .00000     -14.08220     -14.08220
     4.1000        .00000     -14.04786     -14.04786
     4.1100        .00000     -14.01368     -14.01368
     4.1200        .00000     -13.97966     -13.97966
     4.1300        .00000     -13.94581     -13.94581
     4.1400        .00000     -13.91213     -13.91213
     4.1500        .00000     -13.87860     -13.87860
     4.1600        .00000     -13.84524     -13.84524
     4.1700        .00000     -13.81204     -13.81204
     4.1800        .00000     -13.77900     -13.77900
     4.1900        .00000     -13.74611     -13.74611
     4.2000        .00000     -13.71338     -13.71338
     4.2100        .00000     -13.68081     -13.68081
     4.2200        .00000     -13.64839     -13.64839
     4.2300        .00000     -13.61612     -13.61612
     4.2400        .00000     -13.58401     -13.58401
     4.2500        .00000     -13.55205     -13.55205
     4.2600        .00000     -13.52024     -13.52024
     4.2700        .00000     -13.48857     -13.48857
     4.2800        .00000     -13.45706     -13.45706
     4.2900        .00000     -13.42569     -13.42569
     4.3000        .00000     -13.39447     -13.39447
     4.3100        .00000     -13.36339     -13.36339
     4.3200        .00000     -13.33245     -13.33245
     4.3300        .00000     -13.30166     -13.30166
     4.3400        .00000     -13.27101     -13.27101
     4.3500        .00000     -13.24051     -13.24051
     4.3600        .00000     -13.21014     -13.21014
     4.3700        .00000     -13.17991     -13.17991
     4.3800        .00000     -13.14982     -13.14982
     4.3900        .00000     -13.11986     -13.11986
     4.4000        .00000     -13.09005     -13.09005
     4.4100        .00000     -13.06036     -13.06036
     4.4200        .00000     -13.03082     -13.03082
     4.4300        .00000     -13.00140     -13.00140
     4.4400        .00000     -12.97212     -12.97212
     4.4500        .00000     -12.94297     -12.94297
     4.4600        .00000     -12.91395     -12.91395
     4.4700        .00000     -12.88506     -12.88506
     4.4800        .00000     -12.85630     -12.85630
     4.4900        .00000     -12.82766     -12.82766
     4.5000        .00000     -12.79916     -12.79916
     4.5100        .00000     -12.77078     -12.77078
     4.5200        .00000     -12.74252     -12.74252
     4.5300        .00000     -12.71439     -12.71439
     4.5400        .00000     -12.68639     -12.68639
     4.5500        .00000     -12.65851     -12.65851
     4.5600        .00000     -12.63075     -12.63075
     4.5700        .00000     -12.60311     -12.60311
     4.5800        .00000     -12.57559     -12.57559
     4.5900        .00000     -12.54819     -12.54819
     4.6000        .00000     -12.52091     -12.52091
     4.6100        .00000     -12.49375     -12.49375
     4.6200        .00000     -12.46671     -12.46671
     4.6300        .00000     -12.43978     -12.43978
     4.6400        .00000     -12.41298     -12.41298
     4.6500        .00000     -12.38628     -12.38628
     4.6600        .00000     -12.35970     -12.35970
     4.6700        .00000     -12.33323     -12.33323
     4.6800        .00000     -12.30688     -12.30688
     4.6900        .00000     -12.28064     -12.28064
     4.7000        .00000     -12.25451     -12.25451
     4.7100        .00000     -12.22849     -12.22849
     4.7200        .00000     -12.20259     -12.20259
     4.7300        .00000     -12.17679     -12.17679
     4.7400        .00000     -12.15110     -12.15110
     4.7500        .00000     -12.12552     -12.12552
     4.7600        .00000     -12.10004     -12.10004
     4.7700        .00000     -12.07468     -12.07468
     4.7800        .00000     -12.04942     -12.04942
     4.7900        .00000     -12.02426     -12.02426
     4.8000        .00000     -11.99921     -11.99921
     4.8100        .00000     -11.97426     -11.97426
     4.8200        .00000     -11.94942     -11.94942
     4.8300        .00000     -11.92468     -11.92468
     4.8400        .00000     -11.90004     -11.90004
     4.8500        .00000     -11.87551     -11.87551
     4.8600        .00000     -11.85107     -11.85107
     4.8700        .00000     -11.82674     -11.82674
     4.8800        .00000     -11.80250     -11.80250
     4.8900        .00000     -11.77836     -11.77836
     4.9000        .00000     -11.75433     -11.75433
     4.9100        .00000     -11.73039     -11.73039
     4.9200        .00000     -11.70655     -11.70655
     4.9300        .00000     -11.68280     -11.68280
     4.9400        .00000     -11.65915     -11.65915
     4.9500        .00000     -11.63560     -11.63560
     4.9600        .00000     -11.61214     -11.61214
     4.9700        .00000     -11.58877     -11.58877
     4.9800        .00000     -11.56550     -11.56550
     4.9900        .00000     -11.54233     -11.54233
     5.0000        .00000     -11.51924     -11.51924
      .0000                      .00000        .00000
      .0100                      .01944        .00116
      .0200                      .03888        .00464
      .0300                      .05834        .01043
      .0400                      .07782        .01847
      .0500                      .09733        .02874
      .0600                      .11688        .04118
      .0700                      .13648        .05571
      .0800                      .15613        .07225
      .0900                      .17585        .09071
      .1000                      .19563        .11098
      .1100                      .21550        .13296
      .1200                      .23545        .15651
      .1300                      .25548        .18151
      .1400                      .27562        .20781
      .1500                      .29587        .23527
      .1600                      .31622        .26374
      .1700                      .33669        .29306
      .1800                      .35727        .32307
      .1900                      .37799        .35362
      .2000                      .39882        .38453
      .2100                      .41978        .41565
      .2200                      .44087        .44682
      .2300                      .46208        .47789
      .2400                      .48341        .50871
      .2500                      .50485        .53913
      .2600                      .52639        .56902
      .2700                      .54803        .59826
      .2800                      .56976        .62672
      .2900                      .59154        .65430
      .3000                      .61338        .68091
      .3100                      .63524        .70646
      .3200                      .65710        .73088
      .3300                      .67893        .75411
      .3400                      .70071        .77612
      .3500                      .72239        .79685
      .3600                      .74395        .81630
      .3700                      .76534        .83446
      .3800                      .78652        .85131
      .3900                      .80745        .86689
      .4000                      .82807        .88120
      .4100                      .84835        .89427
      .4200                      .86822        .90615
      .4300                      .88763        .91688
      .4400                      .90654        .92651
      .4500                      .92489        .93509
      .4600                      .94263        .94268
      .4700                      .95971        .94935
      .4800                      .97608        .95514
      .4900                      .99168        .96013
      .5000                     1.00649        .96438
      .5100                     1.02045        .96795
      .5200                     1.03353        .97090
      .5300                     1.04571        .97328
      .5400                     1.05694        .97515
      .5500                     1.06722        .97657
      .5600                     1.07653        .97757
      .5700                     1.08486        .97820
      .5800                     1.09220        .97850
      .5900                     1.09857        .97851
      .6000                     1.10396        .97825
      .6100                     1.10840        .97775
      .6200                     1.11191        .97703
      .6300                     1.11451        .97611
      .6400                     1.11623        .97499
      .6500                     1.11712        .97370
      .6600                     1.11720        .97223
      .6700                     1.11652        .97059
      .6800                     1.11513        .96879
      .6900                     1.11306        .96681
      .7000                     1.11036        .96466
      .7100                     1.10707        .96234
      .7200                     1.10325        .95984
      .7300                     1.09892        .95716
      .7400                     1.09413        .95430
      .7500                     1.08892        .95126
      .7600                     1.08331        .94803
      .7700                     1.07733        .94463
      .7800                     1.07102        .94106
      .7900                     1.06440        .93732
      .8000                     1.05748        .93342
      .8100                     1.05028        .92937
      .8200                     1.04283        .92517
      .8300                     1.03514        .92084
      .8400                     1.02723        .91638
      .8500                     1.01911        .91179
      .8600                     1.01079        .90709
      .8700                     1.00231        .90228
      .8800                      .99365        .89736
      .8900                      .98485        .89235
      .9000                      .97591        .88725
      .9100                      .96684        .88206
      .9200                      .95767        .87679
      .9300                      .94839        .87145
      .9400                      .93901        .86603
      .9500                      .92956        .86055
      .9600                      .92004        .85501
      .9700                      .91045        .84942
      .9800                      .90081        .84377
      .9900                      .89113        .83807
     1.0000                      .88141        .83232
     1.0100                      .87166        .82654
     1.0200                      .86188        .82072
     1.0300                      .85210        .81487
     1.0400                      .84230        .80898
     1.0500                      .83250        .80307
     1.0600                      .82271        .79714
     1.0700                      .81292        .79118
     1.0800                      .80315        .78521
     1.0900                      .79340        .77922
     1.1000                      .78368        .77322
     1.1100                      .77398        .76720
     1.1200                      .76431        .76118
     1.1300                      .75469        .75516
     1.1400                      .74510        .74912
     1.1500                      .73556        .74309
     1.1600                      .72606        .73706
     1.1700                      .71662        .73103
     1.1800                      .70723        .72501
     1.1900                      .69790        .71899
     1.2000                      .68863        .71298
     1.2100                      .67942        .70698
     1.2200                      .67027        .70099
     1.2300                      .66119        .69501
     1.2400                      .65218        .68904
     1.2500                      .64324        .68309
     1.2600                      .63437        .67716
     1.2700                      .62557        .67124
     1.2800                      .61685        .66535
     1.2900                      .60820        .65947
     1.3000                      .59963        .65361
     1.3100                      .59114        .64778
     1.3200                      .58273        .64197
     1.3300                      .57440        .63618
     1.3400                      .56615        .63041
     1.3500                      .55798        .62468
     1.3600                      .54990        .61897
     1.3700                      .54190        .61328
     1.3800                      .53398        .60762
     1.3900                      .52614        .60200
     1.4000                      .51840        .59640
     1.4100                      .51073        .59083
     1.4200                      .50315        .58529
     1.4300                      .49565        .57978
     1.4400                      .48824        .57430
     1.4500                      .48092        .56885
     1.4600                      .47368        .56344
     1.4700                      .46653        .55806
     1.4800                      .45946        .55271
     1.4900                      .45247        .54740
     1.5000                      .44557        .54211
     1.5100                      .43875        .53687
     1.5200                      .43202        .53165
     1.5300                      .42537        .52647
     1.5400                      .41881        .52133
     1.5500                      .41233        .51622
     1.5600                      .40593        .51115
     1.5700                      .39961        .50611
     1.5800                      .39338        .50111
     1.5900                      .38723        .49614
     1.6000                      .38115        .49121
     1.6100                      .37516        .48631
     1.6200                      .36925        .48145
     1.6300                      .36342        .47663
     1.6400                      .35766        .47184
     1.6500                      .35199        .46709
     1.6600                      .34639        .46238
     1.6700                      .34087        .45770
     1.6800                      .33542        .45306
     1.6900                      .33005        .44845
     1.7000                      .32475        .44389
     1.7100                      .31953        .43935
     1.7200                      .31439        .43486
     1.7300                      .30931        .43040
     1.7400                      .30431        .42598
     1.7500                      .29938        .42159
     1.7600                      .29452        .41724
     1.7700                      .28973        .41293
     1.7800                      .28501        .40865
     1.7900                      .28036        .40441
     1.8000                      .27577        .40021
     1.8100                      .27126        .39604
     1.8200                      .26681        .39190
     1.8300                      .26242        .38780
     1.8400                      .25810        .38374
     1.8500                      .25385        .37972
     1.8600                      .24966        .37572
     1.8700                      .24553        .37177
     1.8800                      .24146        .36785
     1.8900                      .23745        .36396
     1.9000                      .23351        .36011
     1.9100                      .22962        .35629
     1.9200                      .22580        .35251
     1.9300                      .22203        .34876
     1.9400                      .21832        .34505
     1.9500                      .21467        .34137
     1.9600                      .21107        .33772
     1.9700                      .20753        .33411
     1.9800                      .20405        .33053
     1.9900                      .20061        .32698
     2.0000                      .19724        .32347
     2.0100                      .19391        .31999
     2.0200                      .19064        .31654
     2.0300                      .18741        .31313
     2.0400                      .18424        .30975
     2.0500                      .18112        .30640
     2.0600                      .17805        .30308
     2.0700                      .17503        .29979
     2.0800                      .17205        .29654
     2.0900                      .16912        .29331
     2.1000                      .16624        .29012
     2.1100                      .16340        .28696
     2.1200                      .16061        .28383
     2.1300                      .15787        .28073
     2.1400                      .15517        .27766
     2.1500                      .15251        .27462
     2.1600                      .14990        .27161
     2.1700                      .14732        .26863
     2.1800                      .14479        .26568
     2.1900                      .14230        .26276
     2.2000                      .13985        .25987
     2.2100                      .13744        .25700
     2.2200                      .13507        .25417
     2.2300                      .13274        .25136
     2.2400                      .13045        .24858
     2.2500                      .12819        .24583
     2.2600                      .12598        .24311
     2.2700                      .12379        .24042
     2.2800                      .12165        .23775
     2.2900                      .11954        .23511
     2.3000                      .11746        .23249
     2.3100                      .11542        .22991
     2.3200                      .11341        .22735
     2.3300                      .11144        .22481
     2.3400                      .10950        .22230
     2.3500                      .10759        .21982
     2.3600                      .10571        .21736
     2.3700                      .10386        .21493
     2.3800                      .10205        .21253
     2.3900                      .10027        .21014
     2.4000                      .09851        .20779
     2.4100                      .09679        .20546
     2.4200                      .09509        .20315
     2.4300                      .09342        .20086
     2.4400                      .09178        .19860
     2.4500                      .09017        .19637
     2.4600                      .08859        .19415
     2.4700                      .08703        .19197
     2.4800                      .08550        .18980
     2.4900                      .08399        .18766
     2.5000                      .08251        .18553
     2.5100                      .08106        .18344
     2.5200                      .07963        .18136
     2.5300                      .07822        .17931
     2.5400                      .07684        .17727
     2.5500                      .07548        .17526
     2.5600                      .07414        .17327
     2.5700                      .07283        .17131
     2.5800                      .07154        .16936
     2.5900                      .07028        .16743
     2.6000                      .06903        .16553
     2.6100                      .06780        .16364
     2.6200                      .06660        .16178
     2.6300                      .06542        .15993
     2.6400                      .06426        .15811
     2.6500                      .06311        .15630
     2.6600                      .06199        .15452
     2.6700                      .06089        .15275
     2.6800                      .05980        .15101
     2.6900                      .05874        .14928
     2.7000                      .05769        .14757
     2.7100                      .05666        .14588
     2.7200                      .05565        .14421
     2.7300                      .05466        .14255
     2.7400                      .05368        .14092
     2.7500                      .05272        .13930
     2.7600                      .05178        .13770
     2.7700                      .05085        .13612
     2.7800                      .04994        .13455
     2.7900                      .04905        .13300
     2.8000                      .04817        .13147
     2.8100                      .04731        .12996
     2.8200                      .04646        .12846
     2.8300                      .04562        .12698
     2.8400                      .04481        .12552
     2.8500                      .04400        .12407
     2.8600                      .04321        .12264
     2.8700                      .04243        .12122
     2.8800                      .04167        .11982
     2.8900                      .04092        .11843
     2.9000                      .04018        .11706
     2.9100                      .03946        .11571
     2.9200                      .03875        .11437
     2.9300                      .03805        .11305
     2.9400                      .03737        .11174
     2.9500                      .03669        .11044
     2.9600                      .03603        .10916
     2.9700                      .03538        .10789
     2.9800                      .03474        .10664
     2.9900                      .03411        .10540
     3.0000                      .03350        .10418
     3.0100                      .03289        .10297
     3.0200                      .03230        .10177
     3.0300                      .03171        .10059
     3.0400                      .03114        .09942
     3.0500                      .03057        .09826
     3.0600                      .03002        .09712
     3.0700                      .02948        .09599
     3.0800                      .02894        .09487
     3.0900                      .02842        .09376
     3.1000                      .02790        .09267
     3.1100                      .02739        .09159
     3.1200                      .02690        .09052
     3.1300                      .02641        .08946
     3.1400                      .02593        .08842
     3.1500                      .02546        .08738
     3.1600                      .02499        .08636
     3.1700                      .02454        .08535
     3.1800                      .02409        .08436
     3.1900                      .02365        .08337
     3.2000                      .02322        .08239
     3.2100                      .02280        .08143
     3.2200                      .02239        .08048
     3.2300                      .02198        .07953
     3.2400                      .02158        .07860
     3.2500                      .02118        .07768
     3.2600                      .02080        .07677
     3.2700                      .02042        .07587
     3.2800                      .02004        .07498
     3.2900                      .01968        .07410
     3.3000                      .01932        .07323
     3.3100                      .01896        .07237
     3.3200                      .01862        .07152
     3.3300                      .01828        .07068
     3.3400                      .01794        .06985
     3.3500                      .01761        .06903
     3.3600                      .01729        .06822
     3.3700                      .01697        .06742
     3.3800                      .01666        .06662
     3.3900                      .01636        .06584
     3.4000                      .01606        .06507
     3.4100                      .01576        .06430
     3.4200                      .01547        .06354
     3.4300                      .01519        .06279
     3.4400                      .01491        .06205
     3.4500                      .01463        .06132
     3.4600                      .01436        .06060
     3.4700                      .01410        .05989
     3.4800                      .01384        .05918
     3.4900                      .01358        .05848
     3.5000                      .01333        .05779
     3.5100                      .01309        .05711
     3.5200                      .01285        .05644
     3.5300                      .01261        .05577
     3.5400                      .01238        .05511
     3.5500                      .01215        .05446
     3.5600                      .01192        .05382
     3.5700                      .01170        .05318
     3.5800                      .01148        .05255
     3.5900                      .01127        .05193
     3.6000                      .01106        .05132
     3.6100                      .01086        .05071
     3.6200                      .01066        .05011
     3.6300                      .01046        .04952
     3.6400                      .01026        .04893
     3.6500                      .01007        .04835
     3.6600                      .00989        .04778
     3.6700                      .00970        .04722
     3.6800                      .00952        .04666
     3.6900                      .00934        .04610
     3.7000                      .00917        .04556
     3.7100                      .00900        .04502
     3.7200                      .00883        .04449
     3.7300                      .00866        .04396
     3.7400                      .00850        .04344
     3.7500                      .00834        .04292
     3.7600                      .00819        .04241
     3.7700                      .00803        .04191
     3.7800                      .00788        .04141
     3.7900                      .00773        .04092
     3.8000                      .00759        .04044
     3.8100                      .00744        .03996
     3.8200                      .00730        .03948
     3.8300                      .00717        .03901
     3.8400                      .00703        .03855
     3.8500                      .00690        .03809
     3.8600                      .00677        .03764
     3.8700                      .00664        .03719
     3.8800                      .00651        .03675
     3.8900                      .00639        .03632
     3.9000                      .00627        .03588
     3.9100                      .00615        .03546
     3.9200                      .00603        .03504
     3.9300                      .00592        .03462
     3.9400                      .00580        .03421
     3.9500                      .00569        .03380
     3.9600                      .00558        .03340
     3.9700                      .00547        .03300
     3.9800                      .00537        .03261
     3.9900                      .00527        .03222
     4.0000                      .00516        .03184
     4.0100                      .00506        .03146
     4.0200                      .00496        .03108
     4.0300                      .00487        .03071
     4.0400                      .00477        .03035
     4.0500                      .00468        .02999
     4.0600                      .00459        .02963
     4.0700                      .00450        .02928
     4.0800                      .00441        .02893
     4.0900                      .00432        .02858
     4.1000                      .00424        .02824
     4.1100                      .00415        .02791
     4.1200                      .00407        .02757
     4.1300                      .00399        .02725
     4.1400                      .00391        .02692
     4.1500                      .00383        .02660
     4.1600                      .00375        .02628
     4.1700                      .00368        .02597
     4.1800                      .00360        .02566
     4.1900                      .00353        .02535
     4.2000                      .00346        .02505
     4.2100                      .00339        .02475
     4.2200                      .00332        .02446
     4.2300                      .00325        .02417
     4.2400                      .00318        .02388
     4.2500                      .00312        .02359
     4.2600                      .00305        .02331
     4.2700                      .00299        .02303
     4.2800                      .00292        .02276
     4.2900                      .00286        .02249
     4.3000                      .00280        .02222
     4.3100                      .00274        .02195
     4.3200                      .00268        .02169
     4.3300                      .00262        .02143
     4.3400                      .00257        .02118
     4.3500                      .00251        .02092
     4.3600                      .00245        .02067
     4.3700                      .00240        .02043
     4.3800                      .00235        .02018
     4.3900                      .00229        .01994
     4.4000                      .00224        .01970
     4.4100                      .00219        .01947
     4.4200                      .00214        .01924
     4.4300                      .00209        .01901
     4.4400                      .00204        .01878
     4.4500                      .00199        .01855
     4.4600                      .00194        .01833
     4.4700                      .00190        .01811
     4.4800                      .00185        .01790
     4.4900                      .00180        .01768
     4.5000                      .00176        .01747
     4.5100                      .00171        .01726
     4.5200                      .00167        .01706
     4.5300                      .00163        .01685
     4.5400                      .00158        .01665
     4.5500                      .00154        .01645
     4.5600                      .00150        .01625
     4.5700                      .00146        .01606
     4.5800                      .00142        .01587
     4.5900                      .00138        .01568
     4.6000                      .00134        .01549
     4.6100                      .00130        .01531
     4.6200                      .00126        .01512
     4.6300                      .00122        .01494
     4.6400                      .00118        .01476
     4.6500                      .00115        .01459
     4.6600                      .00111        .01441
     4.6700                      .00107        .01424
     4.6800                      .00104        .01407
     4.6900                      .00100        .01390
     4.7000                      .00096        .01373
     4.7100                      .00093        .01357
     4.7200                      .00089        .01341
     4.7300                      .00086        .01325
     4.7400                      .00082        .01309
     4.7500                      .00079        .01293
     4.7600                      .00076        .01278
     4.7700                      .00072        .01262
     4.7800                      .00069        .01247
     4.7900                      .00066        .01232
     4.8000                      .00062        .01218
     4.8100                      .00059        .01203
     4.8200                      .00056        .01189
     4.8300                      .00053        .01174
     4.8400                      .00050        .01160
     4.8500                      .00046        .01146
     4.8600                      .00043        .01133
     4.8700                      .00040        .01119
     4.8800                      .00037        .01106
     4.8900                      .00034        .01092
     4.9000                      .00031        .01079
     4.9100                      .00028        .01066
     4.9200                      .00024        .01054
     4.9300                      .00021        .01041
     4.9400                      .00018        .01029
     4.9500                      .00015        .01016
     4.9600                      .00012        .01004
     4.9700                      .00009        .00992
     4.9800                      .00006        .00980
     4.9900                      .00003        .00968
     5.0000                      .00000        .00957
