Fri Feb 17 20:34:22 JST 2017
 
 Total time step      =         100
 Time step[fs]        =  1.316440000000000E-003
 Field strength[?]    =  0.250000000000000     
       direction      =  z  
 Energy range         =        2000
 Energy resolution[eV]=  1.000000000000000E-002
 ikind_eext is                      0
 Step for writing dens=           0
 Plane showing density=xy
 idensum              =           0
 Position of the plane=  0.000000000000000E+000
 C2H2.data                                                                      
                      
A version of input data file is 1.39.1
           6
           1
 
 dip2boundary  0.000000000000000E+000  0.000000000000000E+000
 dip2center  0.000000000000000E+000  0.000000000000000E+000
 dip2boundary[A]  0.000000000000000E+000  0.000000000000000E+000
 dip2center[A]  0.000000000000000E+000  0.000000000000000E+000
 
   Static dipole moment(xyz) =-0.14292761E-05 0.13913377E-04-0.45485971E-04
 
  timestep   time[fs]    Dipole moment(xyz)[A]      electrons         Total energy[eV]    iterVh
 -------------------------------------------------------
       1    0.00131643  0.36259988E-09 -0.10583556E-08  0.14031117E-02    10.00000000     -339.70084720  167
       2    0.00263287  0.25015551E-08 -0.14648517E-07  0.27969410E-02    10.00000000     -339.70084423  143
       3    0.00394930  0.78547410E-08 -0.50400355E-07  0.41735322E-02    10.00000000     -339.70084107   77
       4    0.00526573  0.16206891E-07 -0.10742793E-06  0.55270305E-02    10.00000000     -339.70083956   81
       5    0.00658216  0.26522916E-07 -0.18520063E-06  0.68533970E-02    10.00000000     -339.70083766   83
       6    0.00789860  0.37910910E-07 -0.28282215E-06  0.81500968E-02    10.00000000     -339.70083585   84
       7    0.00921503  0.50120602E-07 -0.39877155E-06  0.94158043E-02    10.00000000     -339.70083401   85
       8    0.01053146  0.63262302E-07 -0.53134300E-06  0.10649944E-01    10.00000000     -339.70083231   84
       9    0.01184790  0.77268157E-07 -0.67924787E-06  0.11852179E-01    10.00000000     -339.70083074   84
      10    0.01316433  0.91641643E-07 -0.84186099E-06  0.13022100E-01    10.00000000     -339.70082933   84
      11    0.01448076  0.10591543E-06 -0.10188025E-05  0.14159162E-01    10.00000000     -339.70082806   84
      12    0.01579719  0.12024995E-06 -0.12094423E-05  0.15262754E-01    10.00000000     -339.70082693   84
      13    0.01711363  0.13533345E-06 -0.14130319E-05  0.16332256E-01    10.00000000     -339.70082595   84
      14    0.01843006  0.15173889E-06 -0.16292071E-05  0.17367046E-01    10.00000000     -339.70082512   84
      15    0.01974649  0.16952682E-06 -0.18581338E-05  0.18366474E-01    10.00000000     -339.70082441   84
      16    0.02106293  0.18849810E-06 -0.21000599E-05  0.19329848E-01    10.00000000     -339.70082382   84
      17    0.02237936  0.20871218E-06 -0.23547579E-05  0.20256443E-01    10.00000000     -339.70082333   85
      18    0.02369579  0.23057112E-06 -0.26214782E-05  0.21145544E-01    10.00000000     -339.70082293   84
      19    0.02501222  0.25434214E-06 -0.28993809E-05  0.21996525E-01    10.00000000     -339.70082260   85
      20    0.02632866  0.27972971E-06 -0.31878137E-05  0.22808940E-01    10.00000000     -339.70082233   84
      21    0.02764509  0.30603319E-06 -0.34860615E-05  0.23582599E-01    10.00000000     -339.70082211   84
      22    0.02896152  0.33268368E-06 -0.37929187E-05  0.24317589E-01    10.00000000     -339.70082193   84
      23    0.03027796  0.35951201E-06 -0.41066813E-05  0.25014247E-01    10.00000000     -339.70082179   84
      24    0.03159439  0.38647485E-06 -0.44256275E-05  0.25673079E-01    10.00000000     -339.70082167   83
      25    0.03291082  0.41325498E-06 -0.47484552E-05  0.26294668E-01    10.00000000     -339.70082157   83
      26    0.03422725  0.43928691E-06 -0.50742258E-05  0.26879583E-01    10.00000000     -339.70082148   82
      27    0.03554369  0.46419417E-06 -0.54020053E-05  0.27428344E-01    10.00000000     -339.70082141   82
      28    0.03686012  0.48810035E-06 -0.57307520E-05  0.27941421E-01    10.00000000     -339.70082134   81
      29    0.03817655  0.51144569E-06 -0.60596417E-05  0.28419271E-01    10.00000000     -339.70082129   81
      30    0.03949299  0.53455587E-06 -0.63884232E-05  0.28862399E-01    10.00000000     -339.70082124   81
      31    0.04080942  0.55748681E-06 -0.67173440E-05  0.29271397E-01    10.00000000     -339.70082120   80
      32    0.04212585  0.58028592E-06 -0.70467121E-05  0.29646969E-01     9.99999999     -339.70082117   79
      33    0.04344228  0.60327922E-06 -0.73765884E-05  0.29989919E-01     9.99999999     -339.70082114   79
      34    0.04475872  0.62698126E-06 -0.77069003E-05  0.30301110E-01     9.99999999     -339.70082113   79
      35    0.04607515  0.65171757E-06 -0.80377144E-05  0.30581423E-01     9.99999999     -339.70082111   79
      36    0.04739158  0.67740761E-06 -0.83692252E-05  0.30831708E-01     9.99999999     -339.70082110   78
      37    0.04870802  0.70374444E-06 -0.87014099E-05  0.31052770E-01     9.99999999     -339.70082110   77
      38    0.05002445  0.73051927E-06 -0.90337462E-05  0.31245374E-01     9.99999999     -339.70082110   76
      39    0.05134088  0.75769184E-06 -0.93653242E-05  0.31410266E-01     9.99999999     -339.70082110   76
      40    0.05265731  0.78515943E-06 -0.96952056E-05  0.31548197E-01     9.99999999     -339.70082111   76
      41    0.05397375  0.81256215E-06 -0.10022613E-04  0.31659943E-01     9.99999999     -339.70082111   75
      42    0.05529018  0.83940239E-06 -0.10346791E-04  0.31746304E-01     9.99999999     -339.70082112   74
      43    0.05660661  0.86535329E-06 -0.10666811E-04  0.31808090E-01     9.99999999     -339.70082113   74
      44    0.05792305  0.89040278E-06 -0.10981665E-04  0.31846105E-01     9.99999999     -339.70082112   73
      45    0.05923948  0.91469603E-06 -0.11290588E-04  0.31861120E-01     9.99999999     -339.70082111   72
      46    0.06055591  0.93830593E-06 -0.11593275E-04  0.31853863E-01     9.99999999     -339.70082109   72
      47    0.06187234  0.96121977E-06 -0.11889765E-04  0.31825017E-01     9.99999999     -339.70082107   71
      48    0.06318878  0.98353178E-06 -0.12180174E-04  0.31775225E-01     9.99999999     -339.70082103   71
      49    0.06450521  0.10055675E-05 -0.12464595E-04  0.31705109E-01     9.99999999     -339.70082098   71
      50    0.06582164  0.10277599E-05 -0.12743250E-04  0.31615270E-01     9.99999999     -339.70082092   70
      51    0.06713808  0.10504083E-05 -0.13016609E-04  0.31506293E-01     9.99999999     -339.70082084   69
      52    0.06845451  0.10735869E-05 -0.13285266E-04  0.31378727E-01     9.99999999     -339.70082076   68
      53    0.06977094  0.10972699E-05 -0.13549653E-04  0.31233076E-01     9.99999999     -339.70082066   68
      54    0.07108737  0.11214826E-05 -0.13809879E-04  0.31069787E-01     9.99999999     -339.70082054   68
      55    0.07240381  0.11462791E-05 -0.14065827E-04  0.30889247E-01     9.99999999     -339.70082042   67
      56    0.07372024  0.11715883E-05 -0.14317337E-04  0.30691791E-01     9.99999999     -339.70082028   67
      57    0.07503667  0.11971378E-05 -0.14564226E-04  0.30477728E-01     9.99999999     -339.70082013   67
      58    0.07635311  0.12225659E-05 -0.14806153E-04  0.30247354E-01     9.99999999     -339.70081998   66
      59    0.07766954  0.12476005E-05 -0.15042533E-04  0.30000974E-01     9.99999999     -339.70081981   65
      60    0.07898597  0.12721157E-05 -0.15272674E-04  0.29738907E-01     9.99999999     -339.70081963   64
      61    0.08030240  0.12960385E-05 -0.15496004E-04  0.29461477E-01     9.99999999     -339.70081945   63
      62    0.08161884  0.13192583E-05 -0.15712186E-04  0.29169000E-01     9.99999999     -339.70081927   63
      63    0.08293527  0.13416673E-05 -0.15921046E-04  0.28861769E-01     9.99999999     -339.70081908   63
      64    0.08425170  0.13632807E-05 -0.16122461E-04  0.28540040E-01     9.99999999     -339.70081889   62
      65    0.08556814  0.13842815E-05 -0.16316382E-04  0.28204042E-01     9.99999999     -339.70081869   61
      66    0.08688457  0.14049294E-05 -0.16502959E-04  0.27853983E-01     9.99999999     -339.70081850   62
      67    0.08820100  0.14254332E-05 -0.16682593E-04  0.27490075E-01     9.99999999     -339.70081830   61
      68    0.08951744  0.14459193E-05 -0.16855824E-04  0.27112546E-01     9.99999999     -339.70081811   61
      69    0.09083387  0.14664954E-05 -0.17023147E-04  0.26721652E-01     9.99999999     -339.70081792   61
      70    0.09215030  0.14872994E-05 -0.17184936E-04  0.26317673E-01     9.99999999     -339.70081773   62
      71    0.09346673  0.15084521E-05 -0.17341497E-04  0.25900912E-01     9.99999999     -339.70081755   62
      72    0.09478317  0.15299650E-05 -0.17493122E-04  0.25471677E-01     9.99999999     -339.70081737   62
      73    0.09609960  0.15517134E-05 -0.17640042E-04  0.25030276E-01     9.99999999     -339.70081719   62
      74    0.09741603  0.15735053E-05 -0.17782314E-04  0.24577018E-01     9.99999999     -339.70081702   62
      75    0.09873247  0.15951670E-05 -0.17919780E-04  0.24112221E-01     9.99999999     -339.70081685   62
      76    0.10004890  0.16165594E-05 -0.18052159E-04  0.23636226E-01     9.99999999     -339.70081668   62
      77    0.10136533  0.16375350E-05 -0.18179174E-04  0.23149405E-01     9.99999999     -339.70081652   62
      78    0.10268176  0.16579175E-05 -0.18300604E-04  0.22652171E-01     9.99999999     -339.70081636   60
      79    0.10399820  0.16775484E-05 -0.18416245E-04  0.22144971E-01     9.99999999     -339.70081619   60
      80    0.10531463  0.16963576E-05 -0.18525880E-04  0.21628281E-01     9.99999999     -339.70081603   60
      81    0.10663106  0.17143806E-05 -0.18629343E-04  0.21102592E-01     9.99999999     -339.70081587   60
      82    0.10794750  0.17317107E-05 -0.18726616E-04  0.20568408E-01     9.99999999     -339.70081570   58
      83    0.10926393  0.17484451E-05 -0.18817860E-04  0.20026243E-01     9.99999999     -339.70081554   58
      84    0.11058036  0.17646804E-05 -0.18903350E-04  0.19476622E-01     9.99999999     -339.70081537   57
      85    0.11189679  0.17805403E-05 -0.18983383E-04  0.18920095E-01     9.99999999     -339.70081520   56
      86    0.11321323  0.17961810E-05 -0.19058254E-04  0.18357240E-01     9.99999999     -339.70081502   55
      87    0.11452966  0.18117480E-05 -0.19128288E-04  0.17788665E-01     9.99999999     -339.70081485   53
      88    0.11584609  0.18273219E-05 -0.19193847E-04  0.17215011E-01     9.99999999     -339.70081467   52
      89    0.11716253  0.18429071E-05 -0.19255274E-04  0.16636934E-01     9.99999999     -339.70081448   50
      90    0.11847896  0.18584620E-05 -0.19312809E-04  0.16055103E-01     9.99999999     -339.70081430   48
      91    0.11979539  0.18739296E-05 -0.19366557E-04  0.15470191E-01     9.99999999     -339.70081411   46
      92    0.12111182  0.18892349E-05 -0.19416537E-04  0.14882870E-01     9.99999999     -339.70081393   41
      93    0.12242826  0.19042641E-05 -0.19462741E-04  0.14293815E-01     9.99999999     -339.70081374   40
      94    0.12374469  0.19188685E-05 -0.19505143E-04  0.13703705E-01     9.99999999     -339.70081370   25
      95    0.12506112  0.19329024E-05 -0.19543663E-04  0.13113226E-01     9.99999999     -339.70081356   29
      96    0.12637756  0.19462630E-05 -0.19578163E-04  0.12523071E-01     9.99999999     -339.70081344   28
      97    0.12769399  0.19589003E-05 -0.19608502E-04  0.11933937E-01     9.99999999     -339.70081322   32
      98    0.12901042  0.19707979E-05 -0.19634603E-04  0.11346517E-01     9.99999999     -339.70081288   46
      99    0.13032685  0.19819594E-05 -0.19656482E-04  0.10761488E-01     9.99999999     -339.70081269   47
     100    0.13164329  0.19924177E-05 -0.19674206E-04  0.10179508E-01     9.99999999     -339.70081251   42
===== polarizability in z direction =====
 in a.u.:   17.9611128540203     
 in A^3 :   2.66155914370494     
=========================================
Fri Feb 17 20:36:11 JST 2017
