          500      .01000           1     6.00000
            0      .80000      .80000
      .0000        .00000    -213.40987    -398.76863
      .0100        .00000    -213.40987    -398.76863
      .0200        .00000    -213.28453    -398.64156
      .0300        .00000    -213.07948    -398.42906
      .0400        .00000    -212.80013    -398.12969
      .0500        .00000    -212.45332    -397.74090
      .0600        .00000    -212.04679    -397.25858
      .0700        .00000    -211.58871    -396.67675
      .0800        .00000    -211.08718    -395.98727
      .0900        .00000    -210.54994    -395.17979
      .1000        .00000    -209.98411    -394.24180
      .1100        .00000    -209.39611    -393.15878
      .1200        .00000    -208.79154    -391.91445
      .1300        .00000    -208.17523    -390.49119
      .1400        .00000    -207.55127    -388.87036
      .1500        .00000    -206.92299    -387.03276
      .1600        .00000    -206.29310    -384.95909
      .1700        .00000    -205.66368    -382.63040
      .1800        .00000    -205.03629    -380.02853
      .1900        .00000    -204.41195    -377.13657
      .2000        .00000    -203.79120    -373.93924
      .2100        .00000    -203.17418    -370.42332
      .2200        .00000    -202.56056    -366.57801
      .2300        .00000    -201.94964    -362.39519
      .2400        .00000    -201.34031    -357.86980
      .2500        .00000    -200.73109    -352.99999
      .2600        .00000    -200.12010    -347.78731
      .2700        .00000    -199.50511    -342.23687
      .2800        .00000    -198.88349    -336.35738
      .2900        .00000    -198.25228    -330.16116
      .3000        .00000    -197.60814    -323.66409
      .3100        .00000    -196.94738    -316.88550
      .3200        .00000    -196.26600    -309.84797
      .3300        .00000    -195.55966    -302.57716
      .3400        .00000    -194.82376    -295.10149
      .3500        .00000    -194.05345    -287.45182
      .3600        .00000    -193.24365    -279.66110
      .3700        .00000    -192.38913    -271.76396
      .3800        .00000    -191.48455    -263.79632
      .3900        .00000    -190.52453    -255.79489
      .4000        .00000    -189.50370    -247.79680
      .4100        .00000    -188.41679    -239.83906
      .4200        .00000    -187.25871    -231.95820
      .4300        .00000    -186.02461    -224.18981
      .4400        .00000    -184.71003    -216.56811
      .4500        .00000    -183.31091    -209.12563
      .4600        .00000    -181.82374    -201.89284
      .4700        .00000    -180.24562    -194.89785
      .4800        .00000    -178.57437    -188.16614
      .4900        .00000    -176.80859    -181.72040
      .5000        .00000    -174.94776    -175.58025
      .5100        .00000    -172.99231    -169.76221
      .5200        .00000    -170.94365    -164.27953
      .5300        .00000    -168.80426    -159.14217
      .5400        .00000    -166.57772    -154.35674
      .5500        .00000    -164.26870    -149.92649
      .5600        .00000    -161.88303    -145.85133
      .5700        .00000    -159.42762    -142.12785
      .5800        .00000    -156.91050    -138.74938
      .5900        .00000    -154.34072    -135.70601
      .6000        .00000    -151.72832    -132.98469
      .6100        .00000    -149.08336    -130.56838
      .6200        .00000    -146.41821    -128.43863
      .6300        .00000    -143.74554    -126.57376
      .6400        .00000    -141.07824    -124.94909
      .6500        .00000    -138.42952    -123.53750
      .6600        .00000    -135.81277    -122.30963
      .6700        .00000    -133.24128    -121.23429
      .6800        .00000    -130.72805    -120.27888
      .6900        .00000    -128.28548    -119.40995
      .7000        .00000    -125.92511    -118.59389
      .7100        .00000    -123.65727    -117.79776
      .7200        .00000    -121.49075    -116.99028
      .7300        .00000    -119.43240    -116.14300
      .7400        .00000    -117.48671    -115.23161
      .7500        .00000    -115.65535    -114.23750
      .7600        .00000    -113.93665    -113.14945
      .7700        .00000    -112.32504    -111.96556
      .7800        .00000    -110.81050    -110.69539
      .7900        .00000    -109.37781    -109.36228
      .8000        .00000    -108.00593    -108.00593
      .8100        .00000    -106.67249    -106.67249
      .8200        .00000    -105.37157    -105.37157
      .8300        .00000    -104.10200    -104.10200
      .8400        .00000    -102.86267    -102.86267
      .8500        .00000    -101.65249    -101.65249
      .8600        .00000    -100.47046    -100.47046
      .8700        .00000     -99.31561     -99.31561
      .8800        .00000     -98.18700     -98.18700
      .8900        .00000     -97.08375     -97.08375
      .9000        .00000     -96.00503     -96.00503
      .9100        .00000     -94.95001     -94.95001
      .9200        .00000     -93.91793     -93.91793
      .9300        .00000     -92.90804     -92.90804
      .9400        .00000     -91.91965     -91.91965
      .9500        .00000     -90.95206     -90.95206
      .9600        .00000     -90.00463     -90.00463
      .9700        .00000     -89.07674     -89.07674
      .9800        .00000     -88.16778     -88.16778
      .9900        .00000     -87.27719     -87.27719
     1.0000        .00000     -86.40441     -86.40441
     1.0100        .00000     -85.54891     -85.54891
     1.0200        .00000     -84.71019     -84.71019
     1.0300        .00000     -83.88775     -83.88775
     1.0400        .00000     -83.08113     -83.08113
     1.0500        .00000     -82.28988     -82.28988
     1.0600        .00000     -81.51355     -81.51355
     1.0700        .00000     -80.75174     -80.75174
     1.0800        .00000     -80.00403     -80.00403
     1.0900        .00000     -79.27004     -79.27004
     1.1000        .00000     -78.54940     -78.54940
     1.1100        .00000     -77.84175     -77.84175
     1.1200        .00000     -77.14673     -77.14673
     1.1300        .00000     -76.46401     -76.46401
     1.1400        .00000     -75.79327     -75.79327
     1.1500        .00000     -75.13420     -75.13420
     1.1600        .00000     -74.48649     -74.48649
     1.1700        .00000     -73.84985     -73.84985
     1.1800        .00000     -73.22400     -73.22400
     1.1900        .00000     -72.60867     -72.60867
     1.2000        .00000     -72.00360     -72.00360
     1.2100        .00000     -71.40852     -71.40852
     1.2200        .00000     -70.82321     -70.82321
     1.2300        .00000     -70.24741     -70.24741
     1.2400        .00000     -69.68090     -69.68090
     1.2500        .00000     -69.12345     -69.12345
     1.2600        .00000     -68.57485     -68.57485
     1.2700        .00000     -68.03489     -68.03489
     1.2800        .00000     -67.50337     -67.50337
     1.2900        .00000     -66.98008     -66.98008
     1.3000        .00000     -66.46485     -66.46485
     1.3100        .00000     -65.95749     -65.95749
     1.3200        .00000     -65.45781     -65.45781
     1.3300        .00000     -64.96564     -64.96564
     1.3400        .00000     -64.48083     -64.48083
     1.3500        .00000     -64.00319     -64.00319
     1.3600        .00000     -63.53258     -63.53258
     1.3700        .00000     -63.06884     -63.06884
     1.3800        .00000     -62.61182     -62.61182
     1.3900        .00000     -62.16137     -62.16137
     1.4000        .00000     -61.71736     -61.71736
     1.4100        .00000     -61.27965     -61.27965
     1.4200        .00000     -60.84810     -60.84810
     1.4300        .00000     -60.42259     -60.42259
     1.4400        .00000     -60.00299     -60.00299
     1.4500        .00000     -59.58918     -59.58918
     1.4600        .00000     -59.18103     -59.18103
     1.4700        .00000     -58.77844     -58.77844
     1.4800        .00000     -58.38129     -58.38129
     1.4900        .00000     -57.98947     -57.98947
     1.5000        .00000     -57.60287     -57.60287
     1.5100        .00000     -57.22140     -57.22140
     1.5200        .00000     -56.84494     -56.84494
     1.5300        .00000     -56.47341     -56.47341
     1.5400        .00000     -56.10670     -56.10670
     1.5500        .00000     -55.74472     -55.74472
     1.5600        .00000     -55.38738     -55.38738
     1.5700        .00000     -55.03459     -55.03459
     1.5800        .00000     -54.68627     -54.68627
     1.5900        .00000     -54.34234     -54.34234
     1.6000        .00000     -54.00270     -54.00270
     1.6100        .00000     -53.66728     -53.66728
     1.6200        .00000     -53.33600     -53.33600
     1.6300        .00000     -53.00878     -53.00878
     1.6400        .00000     -52.68556     -52.68556
     1.6500        .00000     -52.36625     -52.36625
     1.6600        .00000     -52.05079     -52.05079
     1.6700        .00000     -51.73911     -51.73911
     1.6800        .00000     -51.43114     -51.43114
     1.6900        .00000     -51.12682     -51.12682
     1.7000        .00000     -50.82607     -50.82607
     1.7100        .00000     -50.52884     -50.52884
     1.7200        .00000     -50.23507     -50.23507
     1.7300        .00000     -49.94470     -49.94470
     1.7400        .00000     -49.65766     -49.65766
     1.7500        .00000     -49.37390     -49.37390
     1.7600        .00000     -49.09337     -49.09337
     1.7700        .00000     -48.81600     -48.81600
     1.7800        .00000     -48.54176     -48.54176
     1.7900        .00000     -48.27057     -48.27057
     1.8000        .00000     -48.00240     -48.00240
     1.8100        .00000     -47.73720     -47.73720
     1.8200        .00000     -47.47491     -47.47491
     1.8300        .00000     -47.21548     -47.21548
     1.8400        .00000     -46.95887     -46.95887
     1.8500        .00000     -46.70504     -46.70504
     1.8600        .00000     -46.45394     -46.45394
     1.8700        .00000     -46.20552     -46.20552
     1.8800        .00000     -45.95975     -45.95975
     1.8900        .00000     -45.71658     -45.71658
     1.9000        .00000     -45.47596     -45.47596
     1.9100        .00000     -45.23787     -45.23787
     1.9200        .00000     -45.00226     -45.00226
     1.9300        .00000     -44.76908     -44.76908
     1.9400        .00000     -44.53832     -44.53832
     1.9500        .00000     -44.30991     -44.30991
     1.9600        .00000     -44.08384     -44.08384
     1.9700        .00000     -43.86007     -43.86007
     1.9800        .00000     -43.63855     -43.63855
     1.9900        .00000     -43.41926     -43.41926
     2.0000        .00000     -43.20217     -43.20217
     2.0100        .00000     -42.98723     -42.98723
     2.0200        .00000     -42.77442     -42.77442
     2.0300        .00000     -42.56371     -42.56371
     2.0400        .00000     -42.35507     -42.35507
     2.0500        .00000     -42.14846     -42.14846
     2.0600        .00000     -41.94385     -41.94385
     2.0700        .00000     -41.74123     -41.74123
     2.0800        .00000     -41.54055     -41.54055
     2.0900        .00000     -41.34179     -41.34179
     2.1000        .00000     -41.14492     -41.14492
     2.1100        .00000     -40.94992     -40.94992
     2.1200        .00000     -40.75676     -40.75676
     2.1300        .00000     -40.56542     -40.56542
     2.1400        .00000     -40.37586     -40.37586
     2.1500        .00000     -40.18806     -40.18806
     2.1600        .00000     -40.00201     -40.00201
     2.1700        .00000     -39.81767     -39.81767
     2.1800        .00000     -39.63502     -39.63502
     2.1900        .00000     -39.45404     -39.45404
     2.2000        .00000     -39.27470     -39.27470
     2.2100        .00000     -39.09699     -39.09699
     2.2200        .00000     -38.92087     -38.92087
     2.2300        .00000     -38.74634     -38.74634
     2.2400        .00000     -38.57337     -38.57337
     2.2500        .00000     -38.40193     -38.40193
     2.2600        .00000     -38.23201     -38.23201
     2.2700        .00000     -38.06359     -38.06359
     2.2800        .00000     -37.89664     -37.89664
     2.2900        .00000     -37.73115     -37.73115
     2.3000        .00000     -37.56710     -37.56710
     2.3100        .00000     -37.40448     -37.40448
     2.3200        .00000     -37.24325     -37.24325
     2.3300        .00000     -37.08341     -37.08341
     2.3400        .00000     -36.92493     -36.92493
     2.3500        .00000     -36.76780     -36.76780
     2.3600        .00000     -36.61201     -36.61201
     2.3700        .00000     -36.45753     -36.45753
     2.3800        .00000     -36.30435     -36.30435
     2.3900        .00000     -36.15244     -36.15244
     2.4000        .00000     -36.00181     -36.00181
     2.4100        .00000     -35.85242     -35.85242
     2.4200        .00000     -35.70427     -35.70427
     2.4300        .00000     -35.55734     -35.55734
     2.4400        .00000     -35.41162     -35.41162
     2.4500        .00000     -35.26708     -35.26708
     2.4600        .00000     -35.12372     -35.12372
     2.4700        .00000     -34.98152     -34.98152
     2.4800        .00000     -34.84046     -34.84046
     2.4900        .00000     -34.70054     -34.70054
     2.5000        .00000     -34.56174     -34.56174
     2.5100        .00000     -34.42404     -34.42404
     2.5200        .00000     -34.28744     -34.28744
     2.5300        .00000     -34.15191     -34.15191
     2.5400        .00000     -34.01746     -34.01746
     2.5500        .00000     -33.88406     -33.88406
     2.5600        .00000     -33.75170     -33.75170
     2.5700        .00000     -33.62037     -33.62037
     2.5800        .00000     -33.49006     -33.49006
     2.5900        .00000     -33.36075     -33.36075
     2.6000        .00000     -33.23244     -33.23244
     2.6100        .00000     -33.10511     -33.10511
     2.6200        .00000     -32.97876     -32.97876
     2.6300        .00000     -32.85336     -32.85336
     2.6400        .00000     -32.72892     -32.72892
     2.6500        .00000     -32.60541     -32.60541
     2.6600        .00000     -32.48284     -32.48284
     2.6700        .00000     -32.36118     -32.36118
     2.6800        .00000     -32.24043     -32.24043
     2.6900        .00000     -32.12057     -32.12057
     2.7000        .00000     -32.00161     -32.00161
     2.7100        .00000     -31.88352     -31.88352
     2.7200        .00000     -31.76630     -31.76630
     2.7300        .00000     -31.64994     -31.64994
     2.7400        .00000     -31.53443     -31.53443
     2.7500        .00000     -31.41976     -31.41976
     2.7600        .00000     -31.30592     -31.30592
     2.7700        .00000     -31.19290     -31.19290
     2.7800        .00000     -31.08070     -31.08070
     2.7900        .00000     -30.96930     -30.96930
     2.8000        .00000     -30.85869     -30.85869
     2.8100        .00000     -30.74888     -30.74888
     2.8200        .00000     -30.63984     -30.63984
     2.8300        .00000     -30.53157     -30.53157
     2.8400        .00000     -30.42406     -30.42406
     2.8500        .00000     -30.31731     -30.31731
     2.8600        .00000     -30.21131     -30.21131
     2.8700        .00000     -30.10604     -30.10604
     2.8800        .00000     -30.00151     -30.00151
     2.8900        .00000     -29.89770     -29.89770
     2.9000        .00000     -29.79460     -29.79460
     2.9100        .00000     -29.69221     -29.69221
     2.9200        .00000     -29.59053     -29.59053
     2.9300        .00000     -29.48954     -29.48954
     2.9400        .00000     -29.38923     -29.38923
     2.9500        .00000     -29.28961     -29.28961
     2.9600        .00000     -29.19066     -29.19066
     2.9700        .00000     -29.09237     -29.09237
     2.9800        .00000     -28.99475     -28.99475
     2.9900        .00000     -28.89777     -28.89777
     3.0000        .00000     -28.80145     -28.80145
     3.0100        .00000     -28.70576     -28.70576
     3.0200        .00000     -28.61071     -28.61071
     3.0300        .00000     -28.51628     -28.51628
     3.0400        .00000     -28.42248     -28.42248
     3.0500        .00000     -28.32929     -28.32929
     3.0600        .00000     -28.23671     -28.23671
     3.0700        .00000     -28.14474     -28.14474
     3.0800        .00000     -28.05336     -28.05336
     3.0900        .00000     -27.96257     -27.96257
     3.1000        .00000     -27.87237     -27.87237
     3.1100        .00000     -27.78275     -27.78275
     3.1200        .00000     -27.69370     -27.69370
     3.1300        .00000     -27.60522     -27.60522
     3.1400        .00000     -27.51731     -27.51731
     3.1500        .00000     -27.42995     -27.42995
     3.1600        .00000     -27.34315     -27.34315
     3.1700        .00000     -27.25689     -27.25689
     3.1800        .00000     -27.17118     -27.17118
     3.1900        .00000     -27.08600     -27.08600
     3.2000        .00000     -27.00136     -27.00136
     3.2100        .00000     -26.91724     -26.91724
     3.2200        .00000     -26.83365     -26.83365
     3.2300        .00000     -26.75057     -26.75057
     3.2400        .00000     -26.66801     -26.66801
     3.2500        .00000     -26.58595     -26.58595
     3.2600        .00000     -26.50440     -26.50440
     3.2700        .00000     -26.42335     -26.42335
     3.2800        .00000     -26.34279     -26.34279
     3.2900        .00000     -26.26272     -26.26272
     3.3000        .00000     -26.18313     -26.18313
     3.3100        .00000     -26.10403     -26.10403
     3.3200        .00000     -26.02540     -26.02540
     3.3300        .00000     -25.94725     -25.94725
     3.3400        .00000     -25.86956     -25.86956
     3.3500        .00000     -25.79234     -25.79234
     3.3600        .00000     -25.71558     -25.71558
     3.3700        .00000     -25.63927     -25.63927
     3.3800        .00000     -25.56341     -25.56341
     3.3900        .00000     -25.48801     -25.48801
     3.4000        .00000     -25.41304     -25.41304
     3.4100        .00000     -25.33852     -25.33852
     3.4200        .00000     -25.26443     -25.26443
     3.4300        .00000     -25.19077     -25.19077
     3.4400        .00000     -25.11754     -25.11754
     3.4500        .00000     -25.04474     -25.04474
     3.4600        .00000     -24.97235     -24.97235
     3.4700        .00000     -24.90039     -24.90039
     3.4800        .00000     -24.82883     -24.82883
     3.4900        .00000     -24.75769     -24.75769
     3.5000        .00000     -24.68695     -24.68695
     3.5100        .00000     -24.61662     -24.61662
     3.5200        .00000     -24.54669     -24.54669
     3.5300        .00000     -24.47715     -24.47715
     3.5400        .00000     -24.40801     -24.40801
     3.5500        .00000     -24.33925     -24.33925
     3.5600        .00000     -24.27088     -24.27088
     3.5700        .00000     -24.20290     -24.20290
     3.5800        .00000     -24.13529     -24.13529
     3.5900        .00000     -24.06806     -24.06806
     3.6000        .00000     -24.00121     -24.00121
     3.6100        .00000     -23.93472     -23.93472
     3.6200        .00000     -23.86860     -23.86860
     3.6300        .00000     -23.80285     -23.80285
     3.6400        .00000     -23.73746     -23.73746
     3.6500        .00000     -23.67242     -23.67242
     3.6600        .00000     -23.60774     -23.60774
     3.6700        .00000     -23.54342     -23.54342
     3.6800        .00000     -23.47944     -23.47944
     3.6900        .00000     -23.41581     -23.41581
     3.7000        .00000     -23.35252     -23.35252
     3.7100        .00000     -23.28958     -23.28958
     3.7200        .00000     -23.22697     -23.22697
     3.7300        .00000     -23.16470     -23.16470
     3.7400        .00000     -23.10276     -23.10276
     3.7500        .00000     -23.04116     -23.04116
     3.7600        .00000     -22.97988     -22.97988
     3.7700        .00000     -22.91892     -22.91892
     3.7800        .00000     -22.85829     -22.85829
     3.7900        .00000     -22.79798     -22.79798
     3.8000        .00000     -22.73798     -22.73798
     3.8100        .00000     -22.67830     -22.67830
     3.8200        .00000     -22.61894     -22.61894
     3.8300        .00000     -22.55988     -22.55988
     3.8400        .00000     -22.50113     -22.50113
     3.8500        .00000     -22.44269     -22.44269
     3.8600        .00000     -22.38454     -22.38454
     3.8700        .00000     -22.32670     -22.32670
     3.8800        .00000     -22.26916     -22.26916
     3.8900        .00000     -22.21191     -22.21191
     3.9000        .00000     -22.15496     -22.15496
     3.9100        .00000     -22.09830     -22.09830
     3.9200        .00000     -22.04192     -22.04192
     3.9300        .00000     -21.98584     -21.98584
     3.9400        .00000     -21.93003     -21.93003
     3.9500        .00000     -21.87452     -21.87452
     3.9600        .00000     -21.81928     -21.81928
     3.9700        .00000     -21.76432     -21.76432
     3.9800        .00000     -21.70963     -21.70963
     3.9900        .00000     -21.65522     -21.65522
     4.0000        .00000     -21.60108     -21.60108
     4.0100        .00000     -21.54722     -21.54722
     4.0200        .00000     -21.49362     -21.49362
     4.0300        .00000     -21.44028     -21.44028
     4.0400        .00000     -21.38721     -21.38721
     4.0500        .00000     -21.33440     -21.33440
     4.0600        .00000     -21.28186     -21.28186
     4.0700        .00000     -21.22957     -21.22957
     4.0800        .00000     -21.17753     -21.17753
     4.0900        .00000     -21.12576     -21.12576
     4.1000        .00000     -21.07423     -21.07423
     4.1100        .00000     -21.02295     -21.02295
     4.1200        .00000     -20.97193     -20.97193
     4.1300        .00000     -20.92115     -20.92115
     4.1400        .00000     -20.87061     -20.87061
     4.1500        .00000     -20.82032     -20.82032
     4.1600        .00000     -20.77027     -20.77027
     4.1700        .00000     -20.72046     -20.72046
     4.1800        .00000     -20.67089     -20.67089
     4.1900        .00000     -20.62156     -20.62156
     4.2000        .00000     -20.57246     -20.57246
     4.2100        .00000     -20.52360     -20.52360
     4.2200        .00000     -20.47496     -20.47496
     4.2300        .00000     -20.42656     -20.42656
     4.2400        .00000     -20.37838     -20.37838
     4.2500        .00000     -20.33043     -20.33043
     4.2600        .00000     -20.28271     -20.28271
     4.2700        .00000     -20.23521     -20.23521
     4.2800        .00000     -20.18793     -20.18793
     4.2900        .00000     -20.14087     -20.14087
     4.3000        .00000     -20.09403     -20.09403
     4.3100        .00000     -20.04741     -20.04741
     4.3200        .00000     -20.00100     -20.00100
     4.3300        .00000     -19.95481     -19.95481
     4.3400        .00000     -19.90883     -19.90883
     4.3500        .00000     -19.86307     -19.86307
     4.3600        .00000     -19.81751     -19.81751
     4.3700        .00000     -19.77216     -19.77216
     4.3800        .00000     -19.72702     -19.72702
     4.3900        .00000     -19.68208     -19.68208
     4.4000        .00000     -19.63735     -19.63735
     4.4100        .00000     -19.59282     -19.59282
     4.4200        .00000     -19.54849     -19.54849
     4.4300        .00000     -19.50436     -19.50436
     4.4400        .00000     -19.46044     -19.46044
     4.4500        .00000     -19.41670     -19.41670
     4.4600        .00000     -19.37317     -19.37317
     4.4700        .00000     -19.32983     -19.32983
     4.4800        .00000     -19.28668     -19.28668
     4.4900        .00000     -19.24373     -19.24373
     4.5000        .00000     -19.20096     -19.20096
     4.5100        .00000     -19.15839     -19.15839
     4.5200        .00000     -19.11600     -19.11600
     4.5300        .00000     -19.07380     -19.07380
     4.5400        .00000     -19.03179     -19.03179
     4.5500        .00000     -18.98996     -18.98996
     4.5600        .00000     -18.94832     -18.94832
     4.5700        .00000     -18.90686     -18.90686
     4.5800        .00000     -18.86558     -18.86558
     4.5900        .00000     -18.82447     -18.82447
     4.6000        .00000     -18.78355     -18.78355
     4.6100        .00000     -18.74281     -18.74281
     4.6200        .00000     -18.70224     -18.70224
     4.6300        .00000     -18.66184     -18.66184
     4.6400        .00000     -18.62162     -18.62162
     4.6500        .00000     -18.58158     -18.58158
     4.6600        .00000     -18.54170     -18.54170
     4.6700        .00000     -18.50200     -18.50200
     4.6800        .00000     -18.46246     -18.46246
     4.6900        .00000     -18.42310     -18.42310
     4.7000        .00000     -18.38390     -18.38390
     4.7100        .00000     -18.34487     -18.34487
     4.7200        .00000     -18.30600     -18.30600
     4.7300        .00000     -18.26730     -18.26730
     4.7400        .00000     -18.22876     -18.22876
     4.7500        .00000     -18.19039     -18.19039
     4.7600        .00000     -18.15217     -18.15217
     4.7700        .00000     -18.11412     -18.11412
     4.7800        .00000     -18.07622     -18.07622
     4.7900        .00000     -18.03848     -18.03848
     4.8000        .00000     -18.00090     -18.00090
     4.8100        .00000     -17.96348     -17.96348
     4.8200        .00000     -17.92621     -17.92621
     4.8300        .00000     -17.88910     -17.88910
     4.8400        .00000     -17.85214     -17.85214
     4.8500        .00000     -17.81533     -17.81533
     4.8600        .00000     -17.77867     -17.77867
     4.8700        .00000     -17.74216     -17.74216
     4.8800        .00000     -17.70581     -17.70581
     4.8900        .00000     -17.66960     -17.66960
     4.9000        .00000     -17.63354     -17.63354
     4.9100        .00000     -17.59762     -17.59762
     4.9200        .00000     -17.56186     -17.56186
     4.9300        .00000     -17.52623     -17.52623
     4.9400        .00000     -17.49076     -17.49076
     4.9500        .00000     -17.45542     -17.45542
     4.9600        .00000     -17.42023     -17.42023
     4.9700        .00000     -17.38518     -17.38518
     4.9800        .00000     -17.35027     -17.35027
     4.9900        .00000     -17.31550     -17.31550
     5.0000        .00000     -17.28087     -17.28087
      .0000                      .00000        .00000
      .0100                      .04010        .00210
      .0200                      .08019        .00838
      .0300                      .12021        .01881
      .0400                      .16012        .03329
      .0500                      .19988        .05173
      .0600                      .23944        .07399
      .0700                      .27878        .09989
      .0800                      .31785        .12925
      .0900                      .35662        .16185
      .1000                      .39506        .19744
      .1100                      .43312        .23577
      .1200                      .47076        .27653
      .1300                      .50796        .31944
      .1400                      .54468        .36418
      .1500                      .58087        .41040
      .1600                      .61651        .45779
      .1700                      .65156        .50600
      .1800                      .68598        .55467
      .1900                      .71974        .60347
      .2000                      .75280        .65207
      .2100                      .78513        .70014
      .2200                      .81669        .74736
      .2300                      .84745        .79343
      .2400                      .87737        .83807
      .2500                      .90643        .88103
      .2600                      .93458        .92208
      .2700                      .96179        .96101
      .2800                      .98803        .99764
      .2900                     1.01326       1.03182
      .3000                     1.03746       1.06343
      .3100                     1.06059       1.09239
      .3200                     1.08261       1.11864
      .3300                     1.10351       1.14215
      .3400                     1.12326       1.16291
      .3500                     1.14182       1.18096
      .3600                     1.15917       1.19635
      .3700                     1.17529       1.20914
      .3800                     1.19016       1.21943
      .3900                     1.20376       1.22734
      .4000                     1.21608       1.23298
      .4100                     1.22710       1.23648
      .4200                     1.23682       1.23801
      .4300                     1.24523       1.23770
      .4400                     1.25232       1.23572
      .4500                     1.25811       1.23222
      .4600                     1.26260       1.22735
      .4700                     1.26580       1.22128
      .4800                     1.26772       1.21414
      .4900                     1.26839       1.20609
      .5000                     1.26784       1.19726
      .5100                     1.26608       1.18778
      .5200                     1.26315       1.17776
      .5300                     1.25909       1.16731
      .5400                     1.25395       1.15653
      .5500                     1.24776       1.14551
      .5600                     1.24057       1.13433
      .5700                     1.23244       1.12305
      .5800                     1.22342       1.11173
      .5900                     1.21356       1.10042
      .6000                     1.20292       1.08915
      .6100                     1.19157       1.07795
      .6200                     1.17955       1.06685
      .6300                     1.16694       1.05586
      .6400                     1.15378       1.04498
      .6500                     1.14014       1.03421
      .6600                     1.12607       1.02356
      .6700                     1.11163       1.01302
      .6800                     1.09688       1.00256
      .6900                     1.08185        .99220
      .7000                     1.06661        .98189
      .7100                     1.05119        .97165
      .7200                     1.03564        .96144
      .7300                     1.01999        .95126
      .7400                     1.00427        .94110
      .7500                      .98853        .93094
      .7600                      .97277        .92079
      .7700                      .95703        .91064
      .7800                      .94133        .90050
      .7900                      .92567        .89036
      .8000                      .91009        .88023
      .8100                      .89458        .87012
      .8200                      .87917        .86002
      .8300                      .86386        .84996
      .8400                      .84866        .83993
      .8500                      .83358        .82994
      .8600                      .81863        .81999
      .8700                      .80382        .81009
      .8800                      .78915        .80024
      .8900                      .77464        .79044
      .9000                      .76028        .78069
      .9100                      .74608        .77101
      .9200                      .73204        .76139
      .9300                      .71818        .75184
      .9400                      .70449        .74236
      .9500                      .69097        .73294
      .9600                      .67763        .72360
      .9700                      .66448        .71433
      .9800                      .65150        .70513
      .9900                      .63871        .69602
     1.0000                      .62611        .68698
     1.0100                      .61369        .67802
     1.0200                      .60145        .66914
     1.0300                      .58941        .66035
     1.0400                      .57755        .65163
     1.0500                      .56588        .64300
     1.0600                      .55440        .63445
     1.0700                      .54310        .62599
     1.0800                      .53199        .61761
     1.0900                      .52106        .60932
     1.1000                      .51032        .60111
     1.1100                      .49976        .59299
     1.1200                      .48939        .58496
     1.1300                      .47919        .57701
     1.1400                      .46918        .56915
     1.1500                      .45934        .56137
     1.1600                      .44968        .55368
     1.1700                      .44019        .54607
     1.1800                      .43087        .53855
     1.1900                      .42173        .53112
     1.2000                      .41275        .52377
     1.2100                      .40395        .51651
     1.2200                      .39530        .50933
     1.2300                      .38682        .50224
     1.2400                      .37851        .49523
     1.2500                      .37035        .48830
     1.2600                      .36234        .48146
     1.2700                      .35450        .47470
     1.2800                      .34680        .46802
     1.2900                      .33926        .46142
     1.3000                      .33186        .45490
     1.3100                      .32461        .44847
     1.3200                      .31750        .44211
     1.3300                      .31054        .43583
     1.3400                      .30371        .42964
     1.3500                      .29702        .42352
     1.3600                      .29047        .41747
     1.3700                      .28405        .41151
     1.3800                      .27776        .40562
     1.3900                      .27160        .39981
     1.4000                      .26557        .39407
     1.4100                      .25966        .38840
     1.4200                      .25387        .38281
     1.4300                      .24820        .37729
     1.4400                      .24265        .37185
     1.4500                      .23722        .36647
     1.4600                      .23189        .36117
     1.4700                      .22669        .35593
     1.4800                      .22159        .35077
     1.4900                      .21660        .34567
     1.5000                      .21171        .34065
     1.5100                      .20693        .33569
     1.5200                      .20225        .33079
     1.5300                      .19767        .32596
     1.5400                      .19318        .32120
     1.5500                      .18880        .31650
     1.5600                      .18451        .31187
     1.5700                      .18031        .30730
     1.5800                      .17620        .30279
     1.5900                      .17218        .29834
     1.6000                      .16825        .29395
     1.6100                      .16440        .28963
     1.6200                      .16064        .28536
     1.6300                      .15696        .28115
     1.6400                      .15336        .27700
     1.6500                      .14984        .27291
     1.6600                      .14639        .26888
     1.6700                      .14302        .26490
     1.6800                      .13973        .26097
     1.6900                      .13651        .25710
     1.7000                      .13336        .25329
     1.7100                      .13028        .24953
     1.7200                      .12727        .24582
     1.7300                      .12432        .24216
     1.7400                      .12145        .23856
     1.7500                      .11863        .23500
     1.7600                      .11588        .23150
     1.7700                      .11319        .22805
     1.7800                      .11056        .22464
     1.7900                      .10799        .22128
     1.8000                      .10548        .21798
     1.8100                      .10302        .21471
     1.8200                      .10062        .21150
     1.8300                      .09827        .20833
     1.8400                      .09598        .20521
     1.8500                      .09373        .20213
     1.8600                      .09154        .19909
     1.8700                      .08940        .19610
     1.8800                      .08731        .19315
     1.8900                      .08526        .19025
     1.9000                      .08327        .18738
     1.9100                      .08131        .18456
     1.9200                      .07940        .18178
     1.9300                      .07754        .17904
     1.9400                      .07572        .17634
     1.9500                      .07394        .17368
     1.9600                      .07220        .17105
     1.9700                      .07050        .16847
     1.9800                      .06883        .16592
     1.9900                      .06721        .16341
     2.0000                      .06563        .16094
     2.0100                      .06408        .15850
     2.0200                      .06256        .15610
     2.0300                      .06109        .15373
     2.0400                      .05964        .15140
     2.0500                      .05823        .14910
     2.0600                      .05685        .14684
     2.0700                      .05551        .14461
     2.0800                      .05419        .14241
     2.0900                      .05291        .14025
     2.1000                      .05165        .13812
     2.1100                      .05043        .13601
     2.1200                      .04923        .13394
     2.1300                      .04806        .13190
     2.1400                      .04692        .12989
     2.1500                      .04580        .12791
     2.1600                      .04471        .12596
     2.1700                      .04365        .12404
     2.1800                      .04261        .12215
     2.1900                      .04160        .12028
     2.2000                      .04061        .11845
     2.2100                      .03964        .11664
     2.2200                      .03869        .11485
     2.2300                      .03777        .11310
     2.2400                      .03687        .11137
     2.2500                      .03599        .10966
     2.2600                      .03513        .10799
     2.2700                      .03429        .10633
     2.2800                      .03347        .10470
     2.2900                      .03267        .10310
     2.3000                      .03189        .10152
     2.3100                      .03113        .09996
     2.3200                      .03038        .09843
     2.3300                      .02965        .09692
     2.3400                      .02894        .09543
     2.3500                      .02825        .09397
     2.3600                      .02757        .09252
     2.3700                      .02691        .09110
     2.3800                      .02627        .08970
     2.3900                      .02563        .08832
     2.4000                      .02502        .08697
     2.4100                      .02442        .08563
     2.4200                      .02383        .08431
     2.4300                      .02326        .08301
     2.4400                      .02270        .08174
     2.4500                      .02215        .08048
     2.4600                      .02162        .07924
     2.4700                      .02110        .07802
     2.4800                      .02059        .07681
     2.4900                      .02010        .07563
     2.5000                      .01961        .07447
     2.5100                      .01914        .07332
     2.5200                      .01868        .07219
     2.5300                      .01823        .07107
     2.5400                      .01779        .06998
     2.5500                      .01736        .06890
     2.5600                      .01694        .06783
     2.5700                      .01653        .06678
     2.5800                      .01614        .06575
     2.5900                      .01575        .06474
     2.6000                      .01537        .06374
     2.6100                      .01500        .06275
     2.6200                      .01463        .06178
     2.6300                      .01428        .06083
     2.6400                      .01393        .05989
     2.6500                      .01360        .05896
     2.6600                      .01327        .05805
     2.6700                      .01295        .05715
     2.6800                      .01263        .05627
     2.6900                      .01233        .05539
     2.7000                      .01203        .05454
     2.7100                      .01174        .05369
     2.7200                      .01146        .05286
     2.7300                      .01118        .05204
     2.7400                      .01091        .05124
     2.7500                      .01064        .05044
     2.7600                      .01038        .04966
     2.7700                      .01013        .04889
     2.7800                      .00989        .04813
     2.7900                      .00965        .04739
     2.8000                      .00941        .04665
     2.8100                      .00919        .04593
     2.8200                      .00896        .04521
     2.8300                      .00875        .04451
     2.8400                      .00853        .04382
     2.8500                      .00833        .04314
     2.8600                      .00812        .04247
     2.8700                      .00793        .04181
     2.8800                      .00773        .04116
     2.8900                      .00755        .04053
     2.9000                      .00736        .03990
     2.9100                      .00718        .03928
     2.9200                      .00701        .03867
     2.9300                      .00684        .03807
     2.9400                      .00667        .03747
     2.9500                      .00651        .03689
     2.9600                      .00635        .03632
     2.9700                      .00620        .03575
     2.9800                      .00605        .03520
     2.9900                      .00590        .03465
     3.0000                      .00576        .03411
     3.0100                      .00562        .03358
     3.0200                      .00548        .03306
     3.0300                      .00535        .03254
     3.0400                      .00522        .03204
     3.0500                      .00509        .03154
     3.0600                      .00496        .03105
     3.0700                      .00484        .03057
     3.0800                      .00473        .03009
     3.0900                      .00461        .02962
     3.1000                      .00450        .02916
     3.1100                      .00439        .02871
     3.1200                      .00428        .02826
     3.1300                      .00418        .02782
     3.1400                      .00408        .02739
     3.1500                      .00398        .02696
     3.1600                      .00388        .02654
     3.1700                      .00378        .02613
     3.1800                      .00369        .02572
     3.1900                      .00360        .02532
     3.2000                      .00351        .02493
     3.2100                      .00343        .02454
     3.2200                      .00334        .02415
     3.2300                      .00326        .02378
     3.2400                      .00318        .02341
     3.2500                      .00311        .02304
     3.2600                      .00303        .02268
     3.2700                      .00296        .02233
     3.2800                      .00288        .02198
     3.2900                      .00281        .02164
     3.3000                      .00274        .02130
     3.3100                      .00268        .02097
     3.3200                      .00261        .02064
     3.3300                      .00255        .02032
     3.3400                      .00249        .02000
     3.3500                      .00242        .01969
     3.3600                      .00237        .01939
     3.3700                      .00231        .01908
     3.3800                      .00225        .01879
     3.3900                      .00220        .01849
     3.4000                      .00214        .01820
     3.4100                      .00209        .01792
     3.4200                      .00204        .01764
     3.4300                      .00199        .01737
     3.4400                      .00194        .01709
     3.4500                      .00189        .01683
     3.4600                      .00185        .01657
     3.4700                      .00180        .01631
     3.4800                      .00176        .01605
     3.4900                      .00171        .01580
     3.5000                      .00167        .01556
     3.5100                      .00163        .01531
     3.5200                      .00159        .01507
     3.5300                      .00155        .01484
     3.5400                      .00151        .01461
     3.5500                      .00148        .01438
     3.5600                      .00144        .01415
     3.5700                      .00141        .01393
     3.5800                      .00137        .01372
     3.5900                      .00134        .01350
     3.6000                      .00130        .01329
     3.6100                      .00127        .01308
     3.6200                      .00124        .01288
     3.6300                      .00121        .01268
     3.6400                      .00118        .01248
     3.6500                      .00115        .01229
     3.6600                      .00112        .01209
     3.6700                      .00110        .01191
     3.6800                      .00107        .01172
     3.6900                      .00104        .01154
     3.7000                      .00102        .01136
     3.7100                      .00099        .01118
     3.7200                      .00097        .01100
     3.7300                      .00094        .01083
     3.7400                      .00092        .01066
     3.7500                      .00090        .01050
     3.7600                      .00088        .01033
     3.7700                      .00085        .01017
     3.7800                      .00083        .01001
     3.7900                      .00081        .00986
     3.8000                      .00079        .00970
     3.8100                      .00077        .00955
     3.8200                      .00075        .00940
     3.8300                      .00074        .00925
     3.8400                      .00072        .00911
     3.8500                      .00070        .00897
     3.8600                      .00068        .00883
     3.8700                      .00067        .00869
     3.8800                      .00065        .00855
     3.8900                      .00063        .00842
     3.9000                      .00062        .00829
     3.9100                      .00060        .00816
     3.9200                      .00059        .00803
     3.9300                      .00057        .00791
     3.9400                      .00056        .00778
     3.9500                      .00054        .00766
     3.9600                      .00053        .00754
     3.9700                      .00052        .00742
     3.9800                      .00050        .00731
     3.9900                      .00049        .00719
     4.0000                      .00048        .00708
     4.0100                      .00047        .00697
     4.0200                      .00046        .00686
     4.0300                      .00045        .00676
     4.0400                      .00043        .00665
     4.0500                      .00042        .00655
     4.0600                      .00041        .00644
     4.0700                      .00040        .00634
     4.0800                      .00039        .00624
     4.0900                      .00038        .00615
     4.1000                      .00037        .00605
     4.1100                      .00036        .00596
     4.1200                      .00035        .00586
     4.1300                      .00035        .00577
     4.1400                      .00034        .00568
     4.1500                      .00033        .00559
     4.1600                      .00032        .00550
     4.1700                      .00031        .00542
     4.1800                      .00030        .00533
     4.1900                      .00030        .00525
     4.2000                      .00029        .00517
     4.2100                      .00028        .00509
     4.2200                      .00027        .00501
     4.2300                      .00027        .00493
     4.2400                      .00026        .00485
     4.2500                      .00025        .00478
     4.2600                      .00025        .00470
     4.2700                      .00024        .00463
     4.2800                      .00023        .00456
     4.2900                      .00023        .00449
     4.3000                      .00022        .00442
     4.3100                      .00022        .00435
     4.3200                      .00021        .00428
     4.3300                      .00021        .00421
     4.3400                      .00020        .00415
     4.3500                      .00019        .00408
     4.3600                      .00019        .00402
     4.3700                      .00018        .00396
     4.3800                      .00018        .00389
     4.3900                      .00017        .00383
     4.4000                      .00017        .00377
     4.4100                      .00017        .00371
     4.4200                      .00016        .00366
     4.4300                      .00016        .00360
     4.4400                      .00015        .00354
     4.4500                      .00015        .00349
     4.4600                      .00014        .00343
     4.4700                      .00014        .00338
     4.4800                      .00014        .00333
     4.4900                      .00013        .00327
     4.5000                      .00013        .00322
     4.5100                      .00012        .00317
     4.5200                      .00012        .00312
     4.5300                      .00012        .00307
     4.5400                      .00011        .00303
     4.5500                      .00011        .00298
     4.5600                      .00011        .00293
     4.5700                      .00010        .00289
     4.5800                      .00010        .00284
     4.5900                      .00010        .00280
     4.6000                      .00009        .00275
     4.6100                      .00009        .00271
     4.6200                      .00009        .00267
     4.6300                      .00008        .00263
     4.6400                      .00008        .00259
     4.6500                      .00008        .00255
     4.6600                      .00008        .00251
     4.6700                      .00007        .00247
     4.6800                      .00007        .00243
     4.6900                      .00007        .00239
     4.7000                      .00007        .00235
     4.7100                      .00006        .00232
     4.7200                      .00006        .00228
     4.7300                      .00006        .00224
     4.7400                      .00006        .00221
     4.7500                      .00005        .00218
     4.7600                      .00005        .00214
     4.7700                      .00005        .00211
     4.7800                      .00005        .00207
     4.7900                      .00004        .00204
     4.8000                      .00004        .00201
     4.8100                      .00004        .00198
     4.8200                      .00004        .00195
     4.8300                      .00003        .00192
     4.8400                      .00003        .00189
     4.8500                      .00003        .00186
     4.8600                      .00003        .00183
     4.8700                      .00003        .00180
     4.8800                      .00002        .00177
     4.8900                      .00002        .00175
     4.9000                      .00002        .00172
     4.9100                      .00002        .00169
     4.9200                      .00002        .00166
     4.9300                      .00001        .00164
     4.9400                      .00001        .00161
     4.9500                      .00001        .00159
     4.9600                      .00001        .00156
     4.9700                      .00001        .00154
     4.9800                      .00000        .00151
     4.9900                      .00000        .00149
     5.0000                      .00000        .00147
